xxxxxxxxxxxxxxxxxxxxxxxxxxxxxxxxxxxxxxxxxxxxxxxxxxxxxxxxxxx
                 Starting SmallCrush
                 Version: TestU01 1.2.3
xxxxxxxxxxxxxxxxxxxxxxxxxxxxxxxxxxxxxxxxxxxxxxxxxxxxxxxxxxx


***********************************************************
HOST = mintos, Linux

mt19937


smarsa_BirthdaySpacings test:
-----------------------------------------------
   N =  1,  n = 5000000,  r =  0,    d = 1073741824,    t = 2,    p = 1


      Number of cells = d^t = 1152921504606846976
      Lambda = Poisson mean =      27.1051


----------------------------------------------------
Total expected number = N*Lambda      :      27.11
Total observed number                 :      25
p-value of test                       :    0.61


-----------------------------------------------
CPU time used                    :  00:00:01.03

Generator state:
state: 1430082714 4218641861 1200219473 3203153212 2085931784 1915514576 535153017 567592626 3379004959 273516197 2053917176 1789037707 2934308683 3016125447 145779059 2891803271 3182000623 1114540291 3191680219 3177061415 115689519 4232037903 1064914787 1519615996 1804217687 780394289 2793079603 3960674316 2547674817 862462481 2871427316 1775792330 4280369146 428256758 639941750 3455182293 1484860104 733722392 624042619 4036984611 2247505474 2866835592 2149541758 822853828 253253327 3868182317 4045463938 3518506265 1066566896 886162844 1765247964 3796216307 179866045 924477 3072660417 3635996648 499823758 767046438 835847782 1185275323 4054781522 4016514051 1696585956 1017279336 1000015945 3582083061 3560183251 1464449520 2897358641 1102788363 1188582427 2378880474 2148077081 3557702940 129071317 4212788845 2851897319 875318687 902956984 2408458070 3198275091 2949311070 2296465720 795951692 3873340798 3970943787 520623076 3245736709 4248808223 3689366365 2751231687 1319303539 1085048003 470813500 2220770808 4031797478 1511444650 1173801953 3245891490 397786542 1486615271 1741000423 568708401 1331707827 855508579 1458957069 2403757927 396926125 4238414921 3526764790 765650336 4113227413 1508972555 3599785536 2765504397 21756922 1547951229 1146930506 3658844688 1800197614 2764817936 3052480467 2718595292 2355005230 323566753 2440749784 2832375395 1037442107 472270034 1984175547 2273031221 3744347396 1292184180 4262822661 2496731780 2250754645 707936970 3337201193 3241398238 2353263943 3555969811 4077912827 339231833 1424062541 1574497312 4001588078 4069080353 716983987 4208270990 1758452963 1046846055 3266909081 3917387351 3277346366 285999225 1182931188 1507965085 309661943 205681811 3655165868 1832197632 363795207 3476391037 3636055004 62656348 662670651 3592942554 2924844714 1106821013 25365519 1941247667 2589889299 1886207842 2497948311 2179309621 3343725102 1832211763 1963817708 87996115 2163337527 2646935587 1284890743 1603288686 2879030636 495342946 3281443269 3201947466 615030244 3802808318 29533713 1075477050 3645376549 994557542 3867186361 188744034 2646403216 3630148219 1136419097 3327817355 4081036433 2085036105 1843044123 2879487007 242937611 2212594615 963666426 4033014716 3880585091 2548118791 2472534634 2125514166 1750370708 2842006299 232248305 2942306428 2590138923 4051830209 563803464 2892644401 2058832387 667845237 23467848 430928059 1740218378 2247057903 1563258726 867417702 1400279114 1711783866 1786049053 2177152624 285997446 4186585946 4108582808 1875362409 910972738 1809318344 203753605 2375079067 3133289931 761914554 4085243826 1831818115 1918876952 4271354341 366220673 3461725099 4264981083 458332274 4073428913 162325041 4143198723 2121008639 1431177655 1832474000 2992759689 3596160213 1762714633 3382426192 1374511780 3612957040 3523048656 649875751 2486020877 2012542703 764052215 3656252879 330123083 3836897143 2218028976 1472798798 931095014 600143125 699750885 2132575966 3273760826 2234273317 1837518129 1482303756 384560732 1609771550 3457803171 2068930467 1487354337 461087650 4259644554 3643970425 1192050752 1067575195 922084873 440655968 28817145 4047725175 2998270125 1754274608 4169997977 4142646023 3419052414 2709557156 2854633996 3686532484 141200677 1409292662 3404316666 3962438461 328648856 1667500238 2402063434 865654876 4182182684 3111175303 3986824031 1064755545 756591186 414849114 964752281 2450328098 1939942898 173807686 191511280 1240631850 2374024113 552555322 1589703538 1909016753 795865525 3774291999 1991136287 2175370478 3064629390 3414553911 386442596 1090629172 1737609218 3223996120 2267404750 3006292916 2606776583 1294574681 3154854306 4267762749 398600885 234854131 3030484446 3873744380 190890534 1076257543 2747739749 2615063398 3152061026 1507763482 987325378 2912142207 1938456466 3958875623 4153302079 2999995758 2499031256 2419621008 766318212 580958403 2506067004 2334454484 902469537 793465780 1563818355 829849820 1117085989 1218363881 2431887176 1452597969 2781874139 3427278119 313896364 3431498473 4243966067 690556425 1026869285 3887084306 3664088852 1681192674 759559049 3072185565 116069892 313861943 132929302 2614820884 2447908484 2670324621 748098403 4074582750 4033992390 155516899 2455712680 2998266921 2915433940 1119136797 3384248710 617053254 657808774 1492892499 992577380 2317869937 690757254 1181865448 2850774775 2460792062 1833052834 3385899658 3064361287 2105166780 322091113 1459331990 2993427234 2751702755 3884677613 2298830805 943685795 760712390 2481512728 427651296 3022865733 1739826316 4139343065 887584414 1685096428 3414271117 3351440882 4203808747 2804729810 3486214351 1673479806 2149938018 2857518520 2643077306 3031425079 2096402764 1959465118 203464645 2238545545 3203934778 1961957983 3715075430 4203803221 3914681474 3417830176 1496991129 4374454 3910396716 1702505291 1840695185 2897522462 3268188065 2016769431 2413181395 1689483158 131160760 3268086281 903995903 4275531835 882014446 33539279 906397052 2262260743 2728631069 883142738 1688608558 1254125364 3804248634 1666608503 4180700803 1041878751 907199027 156869022 3118777810 4227989322 3388559429 3391564651 2445135170 572926334 2089736261 3760148186 2855749538 1798435788 2561547325 2519184084 941279712 1914658548 1866144856 1064757742 4224853574 3152590047 3955839070 1935961 1068415201 1316817116 4029854192 3659980017 2588180699 356616994 2363744771 846753106 878449776 844447194 116818320 201175679 4285544316 1366283604 3294840605 4265118123 3618520137 590721951 1692463952 4129176745 2758254471 2938120289 773487966 1915280792 753281131 3490405124 1188194473 808201677 3774258947 2475245289 2354858474 2540064170 2250559105 761886081 3977188195 1431225217 2893401775 4246174605 3928378544 1634556452 3145125967 3552365817 3587302403 4017904970 1509137900 2606639462 300460479 3603643191 2181373951 217707217 225894502 2203331755 1887535194 2849353643 1029559947 2317193153 3283903513 3243320893 1487452363 1950465777 1536967700 1776124432 2080670946 1908107713 2797579009 2655891573 357471822 3921312864 3657285128 1252813075 697209692 1104177521 1630127636 3100121914 427859370 3613422432 1445812517 147980933 3909917327 1632219898 3717129988 421195899 4191942567 932985339 3664321614 1746044987 4276836123 3423810842 918956120 928778953 3424265740 3469247881 3227442876 3941648047 1371032711 2079361754 2636363669 451352527 1525082694 875769919 4018872869 1457020666 879769616 1187649711 57982266 4071256274 994682431 4185872033 1184972490 3424767505 1820077116 252772925 3263678925 3018015118 2723087892 3340719477 855745235 2807989973 3479661955 2190628791 485882237 3248935451 1078552171 3177502535 2985954635 3359770447 2800022066 1714773420 4062283297 673842768 400




***********************************************************
Test sknuth_Collision calling smultin_Multinomial

***********************************************************
HOST = mintos, Linux

mt19937


smultin_Multinomial test:
-----------------------------------------------
   N =  1,  n = 5000000,  r =  0,   d = 65536,   t =  2,
       Sparse =   TRUE

       GenerCell = smultin_GenerCellSerial
       Number of cells = d^t =         4294967296
       Expected number per cell =  1 /  858.99346
       EColl = n^2 / (2k) =  2910.383046
       Hashing =   TRUE

       Collision test,    Mu =      2909.2534,    Sigma =    53.8957

-----------------------------------------------
Test Results for Collisions

Expected number of collisions = Mu    :     2909.25
Observed number of collisions         :     2922
p-value of test                       :    0.41

-----------------------------
Total number of cells containing j balls

  j =  0                              :       4289970218
  j =  1                              :          4994156
  j =  2                              :             2922
  j =  3                              :                0
  j =  4                              :                0
  j =  5                              :                0

-----------------------------------------------
CPU time used                    :  00:00:01.06

Generator state:
state: 3477890009 2428832707 3523997709 3968319134 963098463 3938321603 237666116 3046437655 3213629645 3824543695 2698880868 1190071043 3971493988 2621001389 2821214869 4245636140 3619658735 562761296 3385017555 3364678500 452808203 3867106225 2432536652 2371390661 1072068830 1688463029 861087966 3303343916 1025888817 1536687221 1339369845 3089313171 865348361 693771953 1342823257 3214846718 2088615532 1901117514 2873830084 1730430799 2170982643 884623166 2260612577 20150286 3770810344 333992358 3880512873 1912259257 2760367677 347313923 1998607239 3692263533 2459842163 1483231223 2094633691 3907267952 1154615099 2382228544 3650922353 1898021863 2273648925 797633709 561026154 1724740933 2968380899 2686812150 686408412 2688579737 2533095493 1958514181 2411117719 2631696561 1882354745 2173759971 1605816307 3528156007 1479308318 3004085101 3707432414 2190868532 2241000587 2552952736 1298353511 3760681039 2271157873 1873132491 3293248889 166288927 98078753 2818142402 325365121 3247629620 2106308726 393336843 2147828808 2547888863 1107167353 1334030137 3211907206 1717447028 2050048746 1417638549 3681556624 2541256608 861411730 3364477423 1323332660 39920200 3041184614 4111670555 3493534841 3837930766 277607242 2229832230 2027628682 3866907133 1272929923 3039484043 238664694 1425886800 3366782855 720585715 2053758616 4019765576 3773475377 4281042491 3960596211 3700322294 3362418382 1308074852 4140585828 1209648676 921343202 3842798361 4254618692 674311735 1836609171 1616005569 3457507805 617899714 3472090748 979210719 3664184550 3072417385 985887823 3892908502 4086908623 3965311363 639772733 1133638667 4038573641 1177256502 1217311220 3869311623 3534409118 4052635054 4148504254 1236810710 2969344881 3424575612 1306857108 400224697 3120528390 403268377 898129614 1247125753 4064883113 1981784622 859771204 4091578313 2065325477 3703014683 2942649143 3310591678 1009493362 3559369410 3652729292 763462788 2361324969 3906156894 3726578226 1081833365 2237540621 604420949 3016677954 622705205 2485107972 1672226140 3340650450 414530117 2147906633 893339834 4115006200 3997246352 3349751323 3481510395 1056206349 1490572351 2175813831 1611911709 1961052420 4064319329 2601860615 1189757379 3575762907 2093794806 4255708673 1520768550 4027272168 2670199179 4116728619 3691609909 1277859136 3030732477 3838203967 3099345235 2781415128 824167770 192573796 1639559187 1620424210 2301589669 2656722859 4142189867 2430204944 3029918372 370879116 2599150733 2025179200 3816429060 3663506925 1096033269 1470596587 1426260876 1466569735 4051963495 1932108195 107313494 3147336641 3232299536 1546260993 4224366902 1962422861 3824390129 2744968780 1114990462 3417758713 3866415997 904621422 2255975845 2135350871 3877207563 2324696622 1308425900 1421599874 2515515600 2160358194 2692610989 1094145758 477661571 322737703 636002907 3194221252 3599190297 2891128404 2625767106 2901627001 2936508031 4229083688 591546093 1669331280 3765605015 521495537 4010381626 1087804400 3632713145 2773267102 1819413100 1711996653 4048379612 1659381602 893285290 72793855 3784318788 3871653634 2550797377 954322100 2876669754 2935163505 1520895227 4050146200 439535005 3943915277 4141773025 1181218395 1523630381 2713708312 1344107697 1373279337 3073201719 239145840 2148375055 3227409579 1208025332 3160294318 1161906262 678968395 3468635753 2285059671 154296020 3395737835 2350604682 1297367446 1362611712 3589669564 312147158 3124730065 3972958072 2056746393 1773876304 2598508874 656987437 948794706 4191753777 3208229886 1255680968 1284116115 1284268113 424978193 3879735184 1525450924 2911365482 1706691286 1464177357 351020457 4108507525 1812679127 3157303172 1541079336 1513093752 1976848900 558514516 1449743715 2461613774 2713443533 3527794329 1448647302 912936212 1586905072 2782465856 1107246479 2586869563 84241970 2728803335 918672269 442040821 2263472121 3736370842 135935346 452297056 131943985 2551638805 428591432 3675789369 148908868 1961675451 305878984 4177807775 1879676871 1830160041 277770602 4036385123 2218567086 2202342250 262148869 3757171010 728619715 461993459 4165429786 2141092107 2072042795 1393523336 1263736002 2956401561 2721710912 155799132 1836769260 533148613 2301359023 3287428697 1107745464 573941268 987135524 3196480106 3412071532 2025191958 50329464 2143954585 2269140777 1675106048 2497532557 1289500532 3130048249 2130860515 1678253546 1486708805 3373513848 3360351432 2758044126 2483178318 1330337037 3425033222 409797079 1479350924 2424565618 3993613024 465691416 2895802785 3139534138 1149928193 2303997428 3212430091 3127115983 1134661508 421831950 2029666945 3365468062 1391065621 2945028650 892217362 3646930276 3227267079 1689535858 3677746093 1647875156 3784547459 1168659209 3581372577 2115755646 511305478 2343651570 379116917 2056350945 1623363858 2268532561 1120463847 1030994119 2989574591 2237280492 3965044132 110186173 720136311 629632417 1512447901 682006906 499181521 2908374647 2474169736 1865795787 3872845999 3690097405 1932023405 3802029770 3502439093 1244447843 905539320 205097085 2679307258 2467305820 1423761355 2707112095 2730255266 4289098872 1203184699 603599656 3712948962 2040405803 3508820571 3206778834 3822546827 3548195180 3165292978 3811013557 910104318 3758781177 1925259467 3848562818 3239381679 1400267386 3159399806 1812409677 2047157516 2304869099 3332313427 1175319632 995255705 3762819156 1086163333 775637719 2603245625 3622274556 1873259423 258867846 2602075106 2098441511 1940190050 2392310808 2360715226 1712857136 1368847684 1120095002 1048652213 21741477 1438058082 3909135938 769862680 4106914549 111070518 60988178 73317997 445053215 1640995999 2613700227 86714568 3423322418 3395016732 4196566865 3318810363 3647372241 3213294115 1692218708 2548732746 2393581567 3207225416 1288146636 2504190731 1963425695 1792168875 3658992270 958038039 1860738267 3170244412 1346517169 807176668 3533340712 1591459042 669332695 15998147 1231283961 2784616618 3213177341 1478644111 2394255770 333248686 1241111183 2349460886 664415289 1457498901 3868024326 3493347170 724372187 2022854983 2257281988 2098264468 793563881 1717463209 3784087717 2639894550 408031156 1808297508 3739370716 3017567887 917997760 4054343597 944618556 849474409 3180800679 681247132 565167313 197561882 2833189006 3794314218 301589047 2398312159 2561906004 2544501012 796030198 600953934 1631856103 3523916586 556514398 1308820462 4064461839 3666048331 3179658307 1054623083 189676514 1423599492 2494612911 887134054 2072886929 2460858338 3956862140 1981644711 424442529 476148133 3925994372 3537873080 3288584640 3793153729 4098327960 3636375340 1179213379 3095953037 1875053181 3944184357 2697029654 1570778804 1068525003 3934766923 3242875091 3414564479 2926883453 4233197131 176




***********************************************************
HOST = mintos, Linux

mt19937


sknuth_Gap test:
-----------------------------------------------
   N =  1,  n = 200000,  r = 22,   Alpha =        0,   Beta  = 0.00390625


-----------------------------------------------
Number of degrees of freedom          : 1114
Chi-square statistic                  : 1218.68
p-value of test                       :    0.02

-----------------------------------------------
CPU time used                    :  00:00:01.14

Generator state:
state: 3770618868 1921197032 469554961 2215663108 1121974653 1797549653 3595051064 914864565 2015055669 1102927801 2414109194 3405882517 1164139928 269347783 4123318990 1658960942 1547360145 3410974044 359928097 841159925 994833152 1926915387 2362685992 304265781 2739313841 793626965 2487716281 2109478437 3496862693 1406357603 1377004557 4294884099 1262792756 3911082027 2705577971 2849023364 2476420949 2770192727 4109436144 1920852281 1850585097 3417910968 2649148905 497359701 2303467092 3601178691 757321653 648062407 33835279 3540299219 2184625534 303098509 1791669816 80866718 828544620 929410306 3334513301 254982170 573652257 1649561966 429274467 33748866 3773021271 357131276 1851815582 667251019 3330543404 2519163555 2515754697 438595146 3879536127 2454408622 2602867812 226261070 3648996457 3666278834 245597503 3588110726 1685171969 1995545123 2889458198 1558301016 3352910225 1548773212 1199229058 1595358252 3632231498 3810660009 428999960 4110002704 1746791367 3279478802 1734205196 2363968347 2160874288 1058516898 2644723966 475614528 3391470649 4020768987 3405998157 2756633922 2029742370 3272305834 961871471 1579204268 1017614299 764552963 1747993910 1702205163 1374150715 1570558090 1932303944 1464690056 1792684550 4180513190 3596151288 2361959223 3422689489 1607816214 1258585356 1384477599 949362228 2896832303 347526307 4229782056 2803090659 3583329549 937248019 1572106282 3229134459 3436228025 2877685921 2087245965 2741368812 3015991146 3122637000 2074415419 1524152854 3600332141 2027458981 3914480375 115545941 623570559 792799266 1847262435 3291538519 1950693590 2080348501 3932256687 885909968 258465876 3437928674 1385942277 3311451084 4100393781 3325628648 1513519075 503423284 4276243355 1126085078 3711888453 3176012741 1716999181 3570496622 1371400388 2861471253 1465692924 304140752 4171832378 1933004288 3810009496 2849327306 4253369 286584009 2340684228 4268339938 2959555320 3085330334 1306664611 681063369 398087093 4282050088 2781766 511545508 1155143071 1656407408 416236659 3721268265 1654756453 2454031013 4038676102 1323034977 3454073767 3330577429 727426259 1845260695 273682493 222196794 3569538273 1252923050 3796560752 2268224082 1329442283 3937470854 1810746476 3276990185 1730845359 3947518476 2722973980 2782517889 3664620937 2017275865 1400001028 199030479 1691240318 3082669945 1193068056 90825586 4170961932 4083422886 50780120 2837907942 515655504 1072091931 836525243 2028027220 207158364 1382469806 3719114014 2799920894 633659011 2613079268 3211421711 2862072559 3640790403 3840749940 3766960885 346210246 1198215382 3637595689 1957058914 3155873810 1001253255 1262617162 2489003577 4063713819 3454640912 1873439688 1837643148 1005082971 3156257385 1191068091 3506157573 671071931 3671256922 4199862113 672473287 336608193 741650599 2387209615 1908378538 1862559927 64134869 374050482 1496234431 2530374487 3006345508 2337276367 1249395326 2383927374 625413296 2906913849 2489401395 2432869027 1187501688 3522887051 3634951543 304709698 1202808607 890898328 247192913 3179769167 2151902032 285934867 4203958595 3518400458 20972450 3882017662 1454288796 3417512370 461838041 3609179204 3632378316 440561213 3628498426 2330772814 2322500189 2567034755 4273136450 2750887221 2949120148 164247958 2324675986 2541709147 4034748734 3650094243 2925029443 1196351638 638714815 2487533268 4087572245 4133949413 207521766 4173515274 4220658727 1864999059 1709076928 468589313 3637189365 3511418148 1378478526 2127537630 822839023 1936701689 1847555412 464689273 407479431 2031359300 4119708084 2313574133 2635970407 460546056 43507431 2035826349 1524121581 3668861427 3486788990 2446142782 2517045329 2844362195 111708276 163453394 365855693 3745962075 4208937923 565433175 2866344316 3062754552 4224379158 2630671971 4233947805 1153701834 3477954495 122225912 454143275 2489723930 175782345 744705337 3388976270 3035672635 445139861 3605865147 3564315154 477133238 2953337767 1219439925 763132031 2444138491 785055176 579477212 1272075602 2777063884 1215576000 726782994 1872322130 693446380 831862574 3268335384 140153552 1559390853 1467437941 715243912 3275636989 635608715 3209702873 2485694644 4060156795 2128629701 3685924528 3971323713 1097295401 2188978050 557202370 3495670810 244220035 2143475855 1267869088 1461048814 3725553404 3304586209 369079198 575775168 1778022243 66015787 1349050620 2970021831 2259491370 68848462 1878797758 2196934247 884932811 159065755 1748947550 2263605526 3074503425 193359409 3524460686 2633918808 2483630062 1329410783 1238376750 2948223456 879109192 3346497961 2314323588 2307017303 2210958136 978507714 33208885 3133030244 2208121098 2526460197 3699569025 1772705623 1085305149 2310428249 1168178453 1231608575 2156288602 3820557572 2940874256 3115180344 2976075563 199237921 3394097228 3032696707 4251147175 4174835075 2364166959 1445970102 4230422875 3334951027 1718279181 1708340085 2348169751 929824626 2295898865 2772915216 1912008128 3941447827 3622190331 3463308272 654134024 542987734 759831681 3733639229 2124345354 442483002 3290130820 2896925199 2061432010 3807555184 3272802006 3560513781 1809940374 2925777199 1997804154 2589169225 3091092843 4273811313 3480016976 2537582051 4109700152 1995632285 1936512794 1160265313 3011489858 2306932815 3722792428 2941503970 2817433108 1871251005 1009661673 1791086299 700225402 419725086 3439812614 2636155907 362254592 1421515841 4051828435 3056014342 4046465782 2201221126 2359196435 3537242499 1896352695 2507080371 1402247484 1766865756 1831960150 2102879204 4010473670 3246473722 2947503233 3211614809 3775463711 1144361459 1102727968 2756888398 2670515444 3195682623 3127980077 424333614 635910341 3440429382 1418795912 2472317107 598785535 83711398 1984869572 1434901364 3301596730 939721855 278675373 1500449772 4041304212 384937322 2703025542 1462470920 3123856305 3331047524 3036174372 3522454427 3268013850 1856216035 3133814082 2133992738 4082013616 3112113568 540325786 1254732660 2142029738 4001660224 911654576 3733631131 175975667 3146500753 502325297 2552545386 3793534226 1828435079 151444108 3797558131 1129236429 1559094566 4219144616 4199585950 857644714 200019346 2840978336 1050995711 724382500 3015159965 371341376 2175533816 4053933015 2226124575 3064669672 3660217308 2682133634 669414294 174291530 2912476665 3944388821 89223369 806186329 2789894862 3993331898 4089235397 1868855081 587441650 635505110 3772959896 2688499319 1485385800 2084950271 1711538446 2353790991 697187272 3435733276 1921002571 2549194673 3221353419 2911269508 526937916 1732834203 1357602993 2228996035 3466982309 1226094803 4260584347 364010963 3029878546 1451555861 2627915411 52158407 1227006670 2786887979 4185191214 1702852510 2645439719 1335710069 472




***********************************************************
HOST = mintos, Linux

mt19937


sknuth_SimpPoker test:
-----------------------------------------------
   N =  1,  n = 400000,  r = 24,   d =   64,   k =   64


-----------------------------------------------
Number of degrees of freedom          :   19
Chi-square statistic                  :   14.70
p-value of test                       :    0.74

-----------------------------------------------
CPU time used                    :  00:00:00.81

Generator state:
state: 891505713 1776254625 1267080964 9571274 4289708625 475406643 326268799 526445082 3491509372 1746960680 1141101596 1545992235 3384391418 2593636928 4214895821 1672797405 2804663517 1502288230 456003778 3797390591 3534794224 1991116961 1588197124 1432727611 999851227 483043300 976461416 441798079 285393544 3172921315 3725888674 1478552820 2453137493 274974011 725311464 2051565499 1765855838 2529270587 3962455960 59187559 1420765251 1514976844 4155041867 3461758641 3913850808 2894470172 1473123726 3485618267 342090061 1539410524 854948837 3127812033 3167694003 88443283 3378095185 543973841 727284665 748923523 216741658 3805734685 3013590575 199944337 1714461029 847438736 1223293165 2316500575 367618465 3940747729 608853697 445996074 769842045 3979928706 2525883131 859165190 300625114 411681996 695328287 3139093079 797359546 3377769254 2479256 1387932258 2680266737 785306569 1461616152 538757905 4275860395 3024760423 4177475635 1358093444 717779020 1103013707 1335005799 4176784111 1608473460 4162603101 3687880852 3031336195 2303027240 692847973 3685054407 2018510160 3742770529 3175148976 4047800782 2883736400 2854366394 1478714077 3252687347 1835548236 2773953056 1349309595 844155818 159153183 2660553337 1732242862 2042071976 2231865998 915514335 3262500302 2310244647 135101632 811878143 1593789446 645199455 3170927999 139679922 594620560 3754888543 1259466891 4114079450 1155648767 1722201717 3165420057 2176693917 926899946 406497157 3903901283 1956347344 520464697 4035092514 1722902969 2434947240 3845448390 3168465218 424929371 3482481029 2009921318 217665264 376954031 1548803684 1288094626 395648296 396527469 4114726788 2835836534 1282461895 1198328679 4183076578 954266984 3683997814 446723948 1117398225 3567582547 1357392255 1334098509 4027625204 3025080554 1114536173 1625978508 3268877932 430439666 3993245013 600450297 3200066864 1992232736 1895733302 1455537803 3596659052 2373224917 562790766 631837229 527634338 1528732504 2754094024 562380003 2881338489 3691983533 1403647040 2232520690 3208884496 3568990613 448648194 3637299135 3050240046 1365409166 3218453183 1781019339 751024660 1168310535 314254735 1162472245 815807503 433871903 296727541 2678055338 2216311112 1108729910 1617438812 3196800792 4254783641 1177145867 1969159922 2047534140 2489822765 3378172588 3973975271 366759364 2169287921 3136752930 2436572286 2828979387 2088037806 1055747424 1664852051 1371354800 1848443341 1034420192 121142483 1820812532 2319039100 1559162932 1987718672 156723114 805265183 1469812953 4101370897 513740573 199855797 3351126793 1704337425 46056467 1850112583 2179954233 4027493313 1237658852 3495838972 1200276807 1748661622 2219132395 2937091633 2441807246 1993669296 3540059782 3723936746 75783743 4036024979 1257489285 2531539459 3072010741 3916086208 1049982469 3682245251 2128399586 2625921023 3468597536 4098353590 773338945 2255189877 3388620443 1970566873 2594316851 2272223185 2880046628 2861907712 2259459772 2767159168 2193749715 549053509 902199172 3854048269 507896750 3196506892 2604671659 3321735902 1236080923 1986254067 2260695784 3504665121 4074751163 1328075402 3098062959 3263747601 2445190274 3795356093 1904842034 245357834 3533525225 2597085122 1151685594 486016720 1668822127 2541357832 3029163756 1325435909 1408266404 2562187943 1873238290 3043270668 1190246135 3216024031 1617598557 1701842006 3056539895 920892812 776036870 2505242658 2220526008 799821137 2023347765 2300009575 3720025923 1895227659 1548928485 1761317989 2982466743 1339237394 641032817 4104790902 829711961 3265639247 1143942440 2797161346 680805345 3965424905 1718526783 1566551957 538627618 4166874605 1452175411 1715298159 3306272469 1373586015 1273742760 3857428402 1827628175 4001905478 1485619244 630913866 1170187194 942701584 1888149303 1593992195 3937967179 4182376296 3633585183 2732883394 3434086573 2535044072 780615581 2146221671 1851707630 2514521906 3328828147 3628812213 2060182228 3687597250 3360080066 2006585434 3148814308 1548537410 3995749462 4088269240 184612426 1554207947 1381685090 2759259514 362297877 1691210461 3426321046 3342134575 1578090851 651584761 2094776628 849998686 3089406560 1250251047 1669587691 1320092646 4238860922 3369217010 3696951716 1280114436 4271892898 857654283 4069946940 3782306311 3804833763 777522091 3639541385 2292048712 285484679 3998758904 1951429924 1644661078 2255297232 413942682 2128383769 184488535 2031968634 2880818898 3560505242 1080685749 187849559 2838860306 1697753714 1868656374 867960130 1416786017 1311176938 1987367893 966039916 3137099281 2747384702 4270729319 2309614592 75598466 263723978 2634645209 1514536433 1634462177 2293008010 387496027 1734810989 1091989687 1181010276 4264908806 731725692 2737106359 3853007667 4070050906 3700090857 836104494 696361678 1312152474 3898634648 4089143774 2905657412 2704381081 2542863641 987097904 961185005 3603617632 1309910962 1295407228 2770558749 3970099989 1533297338 1325091338 2180666792 124388316 1425887945 1124240665 2834291014 2051322776 1792855022 1564052249 4001996993 1135120935 1425363675 2331627478 3645876180 1282023670 3508494586 4044414464 1564697078 1995480615 1678924795 1629192187 2576745718 2638751027 2823461327 949195708 3624643398 880629635 3087356081 213968796 389051043 3616287822 3074409148 3447184998 3002810936 1402040907 570465535 3889386472 2293416359 3093012941 1565511747 3539896821 3765889497 824383959 4155078529 3142483181 1325042523 3216365001 3624748551 2440584256 331277365 1027933779 806763321 2747235159 3295308455 3854684338 3540692081 2832787227 2128981016 1135018766 1259489486 696177688 1709209349 3476568637 372338090 3033153354 1875436953 2528567681 1910433478 335704584 1807800119 4112412130 1732291963 3096388475 3814540698 2317085418 2358838417 3499105577 2533701326 1890766530 866247222 2059178565 3798609745 2430684215 3236369886 2867062506 173035720 1828394540 2666869041 1701954273 1507074498 4288589199 4198642315 2332520475 2352359560 2354591084 3426716437 80530087 1566498853 1340923409 4173522142 1853644255 4146704054 3028921326 769306050 2035850167 3733917121 2872481420 2420518427 517982728 3085457143 2076996119 3751345465 3979616227 824439271 4243061374 3805767115 1787458155 4198915155 4254006423 1448020835 1109706131 3454286268 203963927 1490845851 3230681213 306637644 4143059906 866650395 511099310 485550221 1331236818 2928789820 1416256343 3325779024 318871670 1376488870 4148006447 815014628 1012123447 1675012047 935850573 1513123688 958029309 324612729 2775283017 830459417 923659845 2775589808 1668916928 4212084315 4088673200 3126836037 2194154668 1134216305 3194292027 305918110 2420520751 729608195 4071408103 2738161513 2137716897 988911703 3488391564 1777205126 3708463156 1659403456 248




***********************************************************
HOST = mintos, Linux

mt19937


sknuth_CouponCollector test:
-----------------------------------------------
   N =  1,  n = 500000,  r = 26,   d =   16


-----------------------------------------------
Number of degrees of freedom          :   44
Chi-square statistic                  :   38.25
p-value of test                       :    0.72

-----------------------------------------------
CPU time used                    :  00:00:00.73

Generator state:
state: 1694594668 2965741776 3330715112 1962688016 2555000321 272673034 800101701 3856939765 3956162425 954856440 3327985598 2496232787 544648279 2679449633 205170335 3784200869 906038623 384562553 1001771059 476513902 2824668260 721051476 4063090607 468773506 1198604750 4167407033 3409934815 2610422790 107531200 2587218511 3622458504 3650721413 3152318194 594180989 2290508367 3661508321 3646367388 772627946 1242965772 998298801 902025278 1973122934 3243885903 3369800251 482623762 2307754804 1778281671 3657946185 442133155 2882653539 3088808491 2930684594 2130254835 1076504674 1065725537 1073108416 1782185196 1780652135 3344655082 607361063 3187907558 532244677 1864837148 3143575642 3821484590 1013473309 2213474707 717537738 3557980729 1317034913 1207120747 1992884233 484076333 2989455181 318661658 3990286232 2040242758 1936586925 518985851 3992925052 2094463964 464369896 1823931858 2074230792 3662428678 3401883725 3382581798 2053954192 426725328 391162704 3917393210 3909230264 3735706105 2646129267 1185986937 3099014476 3089046331 2209592370 3053383537 2934390101 1733145238 3325752595 152949517 3478580524 2873805286 1629106908 420632515 1770700542 269471709 2752104229 3529064510 147729252 2171203641 2799450074 3863646005 2899065035 3651133279 1727099621 2077360746 1498481089 1190888048 3160812974 4152299489 2777586946 2210634110 3656585084 375272521 2577450203 3176374903 645794199 1217430052 465478487 4166212621 1821199731 3462363183 3637091617 746923792 3066785044 387687765 3150379707 3072044264 78793809 2802465797 2855883700 1463074924 683399831 751556074 4086610323 2647635599 229715922 1249466744 3123597572 3766734869 2740328691 59442994 4081724203 3728406789 183478950 2772985518 3558321220 934782533 4178623123 2979743236 99713811 1818899790 579975316 450151082 3556598571 444726537 921294701 4048833128 3365328033 2327881459 2269793342 1177164403 1419912413 250966522 824220050 794948849 3160254561 319331149 2522058445 2218120332 635402012 2422120421 1080115894 2626321107 1414301849 2737226378 1748900114 2995983992 528606241 3682735750 614246494 2452085215 578294393 3454680180 2956078152 3975294524 1140361475 2067460124 1710839032 2373354486 2432343615 4275782490 3278573931 1255542377 203078501 296909727 892064842 2356854946 1175605433 22129616 2604431731 2593443456 2332744600 1867934227 814944004 930925286 2366254727 2229170684 85428737 2723845486 3755660679 2521573089 362121773 4084645601 353865527 3269957667 3809619532 1752934987 3565363706 4210082762 349110652 2161195475 2913717702 1391683974 3230016685 3784139769 2504232892 3476965936 3159644484 2618835945 1319039022 3420903522 2234714370 2164016932 226482032 3316693023 3619969050 1074884184 2424019403 2729650786 2531238531 274069663 1250586377 815347344 3373218501 2525476888 323652669 3876578279 3381234470 1490125479 2967956298 3074032204 2502229346 722300581 1077677166 1395735188 974807610 4273864966 2801657703 2907793623 2309010141 2619898639 4203718800 3019811984 16182812 2416150372 2562932207 577391171 2132930218 2718936758 3726748978 3670539408 3192188598 2869282150 382575839 1921095162 4089407146 3848782075 1397524435 352928916 4112109661 2841240689 4121652202 592459647 3036961564 1875545703 2787275736 3668589693 823022645 743640607 74058231 1124694953 3028770713 2449167917 3723572498 3858369375 174687414 4146975003 1934352742 2090452830 2756034891 3668670851 3954201269 1694785665 495206446 521529595 1462880102 2461472103 1434366576 4212767529 383298087 2010357161 3787959753 2077888108 2935007043 4058221713 4207813935 3288794146 1170808436 2419258817 808997771 3448884809 1227180381 2940013919 2804373297 3048195343 3804794041 3247386160 963119086 636542702 3284304105 2834447910 1287129684 4159507016 2854968820 4197959270 824341245 213681184 2119721869 578411395 1057674677 911724573 3337830963 669271845 4073750493 1441716008 2066144048 4277907643 458159413 2522172021 1021926493 2366136119 376963 1626057494 475045036 3241031494 2664878856 1430065902 3542027136 830510256 2999746928 3192672523 1677197516 162032694 3684020325 583929231 116789972 1549470653 854262348 4191964445 3803242356 1678605326 2786725624 1496535370 93638575 3603427192 203635560 1094615750 4077236111 1000017533 1877373608 3067915554 3625484776 565630979 1293315687 1176737742 1950987836 568732198 4252889781 100162221 1599764368 1564014274 3390187472 3572356929 4153517211 3319549317 4163401456 572350693 757617282 2611837485 3353349990 872809716 1122414115 3120412169 655226868 1663314400 2559917397 2100982016 130350376 2121749228 3013278072 1572996121 2162943418 1855954755 4226591740 2946559577 1371081920 3069382254 1477842727 146996855 1972391797 1654520206 1680277925 726437592 1479396815 4132736399 2568953821 1562878416 3929520840 3717268305 1761114971 1037220980 1014398320 3927311744 129600095 3639024089 3239265593 1382793985 2348238324 1865952840 3575940469 278194472 3801233049 1105687905 357175314 265674041 2501713783 4011287609 2835658411 3709814002 1274932413 4151772746 651399729 2039463229 767722580 127814159 1346452834 124615464 3415833339 3337158741 1531328606 3425119670 965247657 3925528780 67761355 1669246548 559656103 1849600502 1005736773 1508973715 1638911543 574817027 924397448 2298143606 3908906679 3891709582 2028674992 3819613796 2426323998 3470092068 4035128432 2294489317 2329857216 1153597362 1075750374 3936105921 3554697987 2782522906 125644412 4098504215 2004493145 246551424 3241656280 1983709134 3607245185 3297757165 2646830515 3530690470 2715710530 2677241413 861453787 265561182 493012995 1443268830 836935620 34983555 2552560995 2114772068 2183852202 4172273830 2339363917 184743131 2241146510 141433549 355256338 1400267146 2187678943 2808838744 1678036952 283413535 3509366328 435871484 743198079 1185861876 788538467 3831974223 3457059999 1312965034 2529286624 189150931 1231324105 2391977050 2794851615 927661806 3191265322 639328078 2356414874 4079298694 992794399 843063736 3588402979 3458286478 1138051317 2842183971 787942718 3329052789 947621993 2711147776 4194963660 2710968272 2820906009 3040127114 3174970191 2120272115 830458865 1220552507 565872152 4230381145 2873767768 1805673710 72495935 15694511 3613901488 476228956 3008463996 502807878 574847475 1437266504 1042234712 840526674 3156230322 668637936 2819253345 1603192392 3161720755 3261048968 1411539071 251221068 2534201345 1382102050 1930080078 1927133453 2013744709 1897106346 1401802913 3013781129 2257561474 956707415 2214271896 2134365704 4171773449 3343274432 3589189847 2064391343 2023769843 2766613656 3045730380 27906039 931336671 2661278274 1907539687 1164555625 2945293027 2504999652 2401847123 1212000904 3580540500 4158186021 2869173705 3156967766 1396073269 44




***********************************************************
HOST = mintos, Linux

mt19937


sknuth_MaxOft test:
-----------------------------------------------
   N =  1,  n = 2000000,  r =  0,   d = 100000,   t =  6

      Number of categories = 100000
      Expected number per category  = 20.00


-----------------------------------------------
Number of degrees of freedom          : 99999
Chi-square statistic                  : 1.00e+5
p-value of test                       :    0.24


-----------------------------------------------
Anderson-Darling statistic            :    0.95
p-value of test                       :    0.05


-----------------------------------------------
CPU time used                    :  00:00:00.74

Generator state:
state: 3413045803 1283183992 800921030 1521974441 1399490629 1997399578 3582801172 4147194745 1037326333 2002787310 2573663034 2751710170 3559888074 1311159706 3442379407 1732034265 3783868421 22032728 2502696466 2609613008 3110916863 970057983 1859294798 3122555940 1626894852 843605944 3736570244 287774290 101112965 4262631564 2195261009 1954102170 2114371647 4193492448 967154650 1582791843 2637556745 3016203897 1012715528 3086871643 2774086520 124691638 3595185201 1059140894 3633712829 3092267537 2001531771 1250541775 936767281 4220115990 1230910956 638330209 2793216380 1437811084 2129805006 1672747178 1698527355 1716668889 359707588 2831673814 2203111820 3690591621 1949910407 3920712420 1744300806 3019552995 723031629 4217971583 461324610 1530067437 4179887108 286779689 3151660694 860262126 3391473468 2485381766 3079764912 2024552081 2308219059 3143269772 1682499877 3046000865 3931073498 2250738090 1224800712 832775475 1305919668 2623330928 4045987388 577163265 4147351935 297649589 2255348106 2304818091 3687566072 2810091062 3563065451 3592450911 1039997912 3885334411 1546865732 2719465050 3520095482 3317816586 1265441153 484545844 1764134311 3079494995 2431204169 1097640690 28182850 3579337243 918328898 1842030391 1511682220 423645826 3871976008 1496957519 338319174 3729669558 3434761039 245252759 3178406970 1703260814 2393758458 3386436447 505383389 2987301234 3382699197 561903849 1160396835 2566657315 243570718 1895585162 3394055502 4239298908 3628273844 2845339291 2191218642 2160285232 4140515626 2983417474 2499527071 125899215 2213129322 3269624848 2018863185 3735736087 1863399585 202772854 3963143719 1845615303 2546273860 2719347734 1201436487 1187718064 2088006297 3158275512 486380020 2837603657 2279067155 2054358566 907026244 4242810649 2678789803 288618613 3410232584 3967841815 193849816 3089932111 929180484 1847023277 3399693589 2422059029 455650096 413321479 2078916529 2947145375 1699368991 30050458 4130454912 3904602743 1300983630 1229125896 1269114965 378071380 666324123 634414766 15921778 316306974 2370452244 83135630 37514781 3700233730 3914211471 3983215816 1407064864 2027035237 1108402772 781390813 2194502249 2181760470 87941242 845230287 145942656 1567400118 4155318764 3997419273 2607717256 3027581709 1978372943 2570265532 1083671827 1987729239 3087880245 3007528044 794770857 738401185 3335336175 3709049366 3069151046 983189170 1572328545 1628943176 1245330743 311136511 1578601220 1814963245 2388482308 1148784414 655238612 1105537273 4170056686 3669969390 1852287836 1660519618 551219182 37661405 4201528113 3656605477 1140640446 590748704 2342696892 1741216490 1603728077 3561588074 2093342554 930382181 96219998 53725066 2556681151 1479477286 1925635990 3696151702 3982146314 3549195082 1311575131 1925451083 3827148672 4262978468 1319795664 3204702755 1423659303 2179126763 904687488 1621886965 3439960040 2025172171 3425494686 495868416 209891630 1174578909 1426092574 1850804254 2548683167 3697447644 3011527604 662298476 2529466788 3257799556 2832493144 3212904104 2924741355 1336980713 3318325974 1486215505 3188120801 1599222310 1717330659 3481274837 1454034848 3259593852 1409096898 1485689747 3399343513 2400333589 1454250182 2222773140 3468851317 2194017498 3632619967 584898346 2695891937 1593217359 2701983616 2910014977 3817965772 3715301612 2395192062 892863085 860582131 1398238047 3549721662 3147510877 4198308223 1234012460 3290423699 4203415385 1609172141 2051404365 746730642 3758475725 1772272695 2416537393 1984699795 3298898234 465905391 2413041420 3399160712 1260609384 2436229557 4259888873 3869153182 1802371534 1314108811 2881216458 4100120799 3534940867 99226054 3103315830 1635272466 103345526 1237899495 3912615027 2347406317 695080115 2313825018 3242615059 494281399 400308096 3337194481 3885077347 24107698 1563275771 231340035 129239244 2692362343 2946861719 777997655 2987348875 2165495136 1548401900 745734227 3816946522 508422520 121385885 3715179875 1343982019 1165018040 275351893 943532153 1562610648 395459466 628568173 2963205116 3747408576 1482481750 1727045122 1867812714 2623750051 1786082720 2897558794 3206039022 779108457 4194829932 3105225739 3131514401 1081499505 2217546898 1263867291 1476448757 665254749 1288144686 4167973929 2988902388 1234288440 3502353640 2328363744 2998789118 2156225507 982098270 3888470931 3452985297 2526540866 567923545 84202075 2645949918 3828856884 810251895 4046360232 749008923 164967331 283758657 547674677 55013243 2150092648 3221418176 1106991818 3039127192 696538227 141956857 1410839125 1739641101 1301840450 185264869 206766335 1293222944 4103845733 3713330909 2970786953 1764590002 2117748753 2685757416 1668606618 4231804672 1270352462 85709888 4223922708 2532182943 897621127 2723265490 1214108858 1364484835 4260817806 4134189062 1344207062 1607324721 1508652024 4138116010 2644642261 3616686009 1962693600 3973541427 1344691360 1217315662 3069560486 2219630701 246951117 2678136169 1924448830 2599494991 2251283615 2034831108 3495340477 4131852133 1459233582 3659233264 541141282 1613940105 2291453235 2434038416 2016868905 2020927382 1305676143 3937019349 397382730 1191669889 1825406321 3562127272 162407053 1945646077 1882982016 4247014604 561563890 428870606 503514074 1459752720 619695380 605678662 2033287110 578403779 2980635915 951731751 1504986115 1491594333 4152677549 719641058 1664942570 4216182792 1114272577 1011808378 1621717762 2290348661 4033705760 1396395752 1023432200 3034416341 1175403434 3189283534 2702397422 1611981696 2943723138 1143973392 3392581057 3331703755 2203410497 1143766718 327635341 707608241 767349472 3281393674 2716513077 2521119379 3978848444 1426746560 450987750 384553745 2655384769 2567460967 3039056656 484954663 1564393751 591037903 1556329339 2476425627 3699532764 1672527726 548979094 3948790393 1022442572 3273271738 920100287 431305671 2245450051 3369395398 1145316040 3432005803 134849352 1899702106 1335765484 2139132007 631085505 2471242857 1729572788 2294731883 3799225490 2949199441 737825617 1217944241 3996753031 3060775981 964854934 3878808896 3150142203 3134914192 2724881600 3736821430 3632470114 3559233157 1839880290 3225424801 234541818 3441055490 3990863699 59409766 646344590 3875430693 3429541 2674487268 1446696085 2953447708 4074229087 1255335679 3056741143 2037957856 2582142083 2052792470 4134139104 77795806 3451785378 607218866 1584975204 3902884919 2734303538 1497654728 3744096114 1847237820 784525840 3325590883 1131003772 3442084000 1733804257 4092969715 1681916254 61196836 1921794916 1837873297 3631439661 4105125596 473313514 2006936571 2469246842 799603374 3926037960 4229786118 2504956832 2787523987 2867556949 2889702235 3609310332 3570085218 1129764994 4016496365 746480930 524




***********************************************************
HOST = mintos, Linux

mt19937


svaria_WeightDistrib test:
-----------------------------------------------
   N =  1,  n = 200000,  r = 27,  k = 256,  Alpha =      0,  Beta =  0.125


-----------------------------------------------
Number of degrees of freedom          :   41
Chi-square statistic                  :   32.59
p-value of test                       :    0.82

-----------------------------------------------
CPU time used                    :  00:00:01.13

Generator state:
state: 2798853712 1924116683 3896234710 4141436950 3184257764 3042004358 3036147783 1001729505 3140305145 3415567165 2766034707 3097451571 491387461 4000758146 1359953832 2550682509 1905401956 2476491382 14604270 957048336 2179378482 1294169758 510204695 1050782171 3716402867 155952896 959554725 3682244916 2248605103 742179761 2617140412 1193629047 1819321133 2065402874 2318249565 2809307802 3425328998 3849612124 2616701982 984676133 4163704258 4038327006 2509925430 1305520334 2703804991 1128020192 1835068694 3824972746 1531415768 520402724 2441914617 2228076953 2720027682 1930804633 1961070464 2202510445 2243505169 194262122 1341183779 4130738458 3294820015 311491976 1009639695 38443547 3721645555 4262617194 1113766247 1666026385 1602334986 2234384304 3143728761 924786743 2196251036 407256289 2229538440 1413125629 1087861783 1068386265 2124295011 874954512 3893014313 1313200687 1590768861 740123291 3988813873 1648903701 648715315 17507795 2891246639 1979618952 1003830772 3906487200 3046776771 3937178293 3263904399 1000856438 1064614012 2772919982 2175016242 3207945727 1129934214 14835562 2641187949 1933608211 1165103796 751124260 2849773166 943569659 4016992951 4053439391 1632766150 653743563 79768241 810288951 3499802556 1602613476 1208235885 1723553734 1702888133 3090453253 913308551 2193556102 40003960 3932034233 1550398235 2264547297 1286239548 3998823849 2237034218 3282205239 1139690029 2637432776 1629228491 4045225729 464038328 1916986493 2859490914 830651408 3531618323 407560444 2923863447 1446252518 3867530615 2165471384 3141675080 462161427 1592584237 2077547750 2694030511 299527677 1231282183 78168568 3624416132 1444559359 3260795097 3743483778 3760312433 2263515831 1786895483 4161703222 1855845621 3303908519 2153578742 1607677299 740701076 1506374459 3899834394 2800115025 3454301573 240090408 991555060 3882872224 169118411 2022797877 1854316574 1169313092 2785392170 2275865021 3505853950 603205303 1312068251 591233306 2109661919 1036342421 4247380228 3165265091 433024160 365574998 1284439328 1963276593 3066614877 3668902660 1157281459 2046034445 628875457 797420890 2984100270 14989448 1220822035 767630868 4043709169 3827155352 1300856691 1716659205 3096196159 4213244123 4180030588 2510641173 284168477 811645353 2818096382 254759840 3829658121 1114862697 1232364973 2076165351 4086867989 3336457636 1863361905 3165923858 1848451706 2765952565 2317928675 2395042843 542624557 1127842292 1549853664 3573701152 3353604610 2373511997 2035451699 2285305993 3009630951 3106174624 403572778 3081001108 3089965555 2604721118 3787456161 2916700663 2397230933 254670324 2627204918 2967731461 1082540957 48684240 3231348986 916037200 1295962012 359864475 1993014275 693614438 675402516 564683192 2979441445 2735798258 2834898377 3659975254 2100229072 1469339442 2533665864 3597089987 1343790114 3920225730 1223035302 3533748332 2065256181 3010555073 3443435963 2658135556 2565031581 2498948022 3437908216 4127161500 424191138 4219871391 3419867988 545073546 2579536317 3296809840 429014110 3200171206 271195350 2567358483 2934692350 316947177 3245614344 2466154647 3076064554 3529241425 2368598807 174561265 2541529771 240448859 3958690591 4292363789 4269428110 3167353405 83424609 1150877451 2962332789 801249271 3291084735 1432210175 3462689369 2923564599 3518107386 1296835125 237330031 389089742 2220222369 3288104434 876516073 3535904775 3125493834 1226188573 399582810 2476879555 4106224125 1335129378 3306355042 1237163215 1154337996 3322813881 1435978312 3364803577 3730008678 3602153343 1309045616 3983462733 3095102250 56920034 2201082805 1824907918 1932394355 2547074338 3255883421 3864877355 2891003704 2553026083 3613710992 3760465618 3953122892 3307945239 4137610135 3171676172 3534682443 2930242912 1961443997 3763651705 248533312 2658213796 2610698974 3087201190 3835381590 1495775295 1985424010 3990708551 389389793 3936699088 1274275054 1963906869 4284946729 2258750440 1304190004 2774521755 3478768541 3407026471 4138647910 806187828 1419139663 1141251636 1350390400 3698174301 2832612362 1254064048 895158828 4173665390 3510406783 431347640 1004941531 1572484260 2372394526 1252528191 18214539 1099753149 339175871 412983825 2806129239 3913667621 3291802716 267972152 2066827168 2210707774 779853695 3180921390 2633105679 3445220698 509923011 2900931061 96259273 247384223 2731637636 2724433635 3237800657 4044342932 667503692 215650323 3018622569 1365361341 3157830574 2884839378 1681959005 804097141 2027792570 2636431016 2067473092 463443161 692443555 2078571802 1533461078 3432088721 953531563 73044584 1880293537 2042182483 1627079774 3376080645 2711119820 4226250124 2171115309 3396894365 2053144205 790568571 2585195077 4211012371 1244220661 3046942857 1901069726 3088648103 1845340449 1890977114 2619298098 3252702809 2781013007 618789828 1741564678 1380231561 3150832826 2150943781 2390443471 1212427278 462876181 2512580595 223959112 536091120 637249738 1830207299 3560132115 1705294096 2905618019 339985610 4196396710 1385180684 3635726679 886310228 1892501595 692588584 3667417843 2279047198 3375431398 915100813 174332779 836836360 453463407 3852494625 2246665530 2616820140 493405512 889687685 4130346592 1836714226 539781821 3734585315 1833248211 3958585981 1648008418 1218747342 2732050002 3090781259 1367367095 3987928693 804110495 3541666971 523799827 2118689623 2338228567 4292448618 2673765578 1729497628 525305303 2038655871 3128969922 2507526523 1655631707 3084130488 2675809607 1316777985 3221585070 451187394 893914603 915616563 325210831 1253048209 2075235368 3847737671 621003811 4221376744 2974195968 4057341433 3243871096 2159509429 3938094256 472072968 58603776 3648018810 1891640961 2763251477 4081948520 2674997968 2404608003 3732141873 1146515799 4062481726 901552496 3070919548 409615300 1176046081 1843404687 3601980491 2293144950 1178781555 1424864764 1727235020 189856490 622574367 1957459365 2124283551 1031903321 3361376636 1891964863 1673396884 2689359138 2124269916 2245891808 2875295762 2548330470 3643932304 1016853631 561260843 2208158739 3213463017 235429282 3118124966 3649105704 3579842975 2753047113 1187342040 3312823073 2991574132 1458198644 2107736874 3427523538 251959306 2755114927 2681113488 3343224418 4008981048 2388273257 2201106310 1895900234 3458721293 1869309278 536903990 2820235648 1211325110 1182802789 1377396191 3960645057 1306152639 3413866954 903401808 3852534598 1579463905 1864788921 1947961618 2943404436 1928233287 163836101 3492546329 2677784398 343251365 1031949967 2371932819 3038472796 1037862034 4183269808 3777173355 3375150009 1332315095 1040219739 4023057204 3984665530 2575148971 4104790458 1771187478 1944435575 932898411 2358119529 3105203217 2976071662 797968132 1748725118 2409336359 76




***********************************************************
HOST = mintos, Linux

mt19937


smarsa_MatrixRank test:
-----------------------------------------------
   N =  1,  n = 20000,  r = 20,    s = 10,    L = 60,    k = 60


-----------------------------------------------
Number of degrees of freedom          :    3
Chi-square statistic                  :    8.16
p-value of test                       :    0.04

-----------------------------------------------
CPU time used                    :  00:00:00.41

Generator state:
state: 2011928252 3496596107 3846743333 972043958 4085780118 894053256 2164018606 3262527518 3816333607 2014354820 1894732398 2417108817 2965721050 3325040051 2052834686 1361365794 3109379778 699791175 3495842984 3933048116 3821853962 3179407795 3688600211 3213821834 611769615 1143408390 3085126464 1005468870 3623022568 2187047417 2014739115 3018052772 2312089065 2226479338 3232093630 1589888517 508281623 1439600247 43581348 2360342963 4109466844 3218157636 1423917928 4089351579 2306396178 823750152 1227243728 1120935797 2171526098 1238659120 4092649516 371188112 321496567 1589059918 3297019561 2670116016 2793446999 2264749206 1578525436 2481248658 23970384 2927301092 1348584046 4139948109 3882311988 2809556458 1737258679 3211856185 561413830 2488899447 1363192098 1104226485 721365157 2149842134 4094404078 3481328727 3100391419 792913439 558014067 2351147333 2176657118 1599562444 1533277226 2113348635 601442867 698585207 2796997962 842297208 986348644 3442708680 3446857390 2259625305 3961125587 2204803915 2863993330 4146260193 312249953 2597544780 3434370659 3834908195 705322914 2518903520 2989491551 4086952407 2390785606 1522702241 276265441 727145700 878542433 3943073303 1844839547 1462673030 3764334224 2086784048 4023000418 4228342457 2708316053 4028803399 461876018 698411858 1330079354 885097643 411052821 1955024877 307020655 299098270 3937838639 3307589636 3435476250 3570695353 3805875420 3606090261 1242216977 850130914 1472777442 2248051263 1149545610 347364783 3711165825 1848235796 327254243 3403271208 1190209385 3957384001 3324474026 2271193506 218511231 916486392 80693009 3257424811 2319465309 2542777037 1705850386 853899523 413453228 1604583874 863557979 2349123139 727774190 2326124888 3568954601 1158779529 919329853 973556940 1000227084 1533961257 3834428756 3060615779 3577824936 1471170519 2936765652 3191744284 2653232009 1496428397 588293491 2448771197 1894141488 882970360 2079972456 3547592635 421372251 1743660541 2066274869 3622138122 3427910442 3943122891 847816433 3193155187 3678347548 1064763802 1784895762 4110297230 3148820782 3073861774 1249195083 2265501120 2820744007 3448473837 2995829862 3935271623 3236666917 2741898310 4258236746 4199403432 1113188734 1011038963 3267634031 424905348 2453820991 409127174 3695866008 2539406278 434948653 92135252 1668305055 628854842 2779868147 3905786131 1833670666 1715800708 550717957 3429794387 4137158326 2181750229 2633089349 3364624305 204693539 4066550561 3186340870 2230887747 3653224937 953164111 35582550 303953233 686476171 2957797311 3527905698 1882873692 3229388702 3585618837 3663904082 3328650283 2782865992 997995009 2251894314 3883171970 1493276816 3422365425 4020360717 395454369 2274443492 677007103 1810651665 439851646 2055103735 2364542815 1861345822 1858612354 1312082651 1577797899 806396551 141608741 2060224230 2694739518 2236555623 3165765429 1596311066 4187652744 697738028 3207680269 300602446 1104435911 3199145712 3602985869 1913037724 1890366057 2811093301 4092321666 350485965 1278502504 834999666 749973819 3627146993 3212642140 1692741873 2535919954 430044572 1384606265 1185260662 1389547010 815122551 1599027210 2661159664 1945663345 3360157794 3102835393 2255716247 4157596219 2789426679 3312367870 388365746 171960244 3855705322 1707756839 2833408964 2717728260 1854552399 1260632908 2115187062 962824687 1159628920 2837568646 534077403 4055421116 2645991610 77022504 1148711221 4231073741 16634641 3016844678 2064293832 652026744 2107262852 1868839136 908629864 1668510804 1051006359 443412969 1167726599 759443512 2977698374 638254130 848866108 3028383303 220437001 3105774108 2535661623 883032718 867427889 2614913774 1971879806 1530647283 4211771976 3354128483 1436058607 3280219386 1021006395 2337070450 3574695527 2603193233 319103870 1974333330 3724206131 178671392 567048993 1461517340 1007593543 1762552291 2557551142 455054496 183454986 1604825918 3238638859 3776224820 1637651614 3643623465 3438835733 2140989492 2410844316 3048265231 108481611 1907718940 509936804 3032063252 4062057554 178772406 2421524903 3844011218 2027349361 496689987 4024802226 4163029355 940919673 1925018195 1915462233 2921093610 1097228337 3569592801 514064729 2533803116 252993115 3047034376 2942843164 41360151 915245916 415818291 1483749620 2070832503 3857486674 12555314 2640085399 3238740015 2238166125 869311837 4245890719 3803555442 375844596 481455458 1492092327 3123777279 1268170296 1356836292 2366790572 2285180069 1169227713 2717517395 1904628903 3812708698 2560127018 2033937628 3787717824 2009709190 2826623083 3872484460 538313208 2921685522 3682696440 4294772473 1594053546 1815770044 3795877056 3919242082 4004774744 1145299374 1312028050 2915308898 2932298284 1038605331 3325091624 4065040194 1248433528 3232853857 3599472445 2634381443 7533611 2093974191 3030023069 1395166314 648538033 846342949 1002044955 251475877 180140598 2318091744 1842711439 3595676359 876493475 63573332 1253046800 1845726430 2749684307 1973466908 321626488 3965196497 2790239497 3564991563 2551466817 730302395 3991630573 3532394349 1920136908 3543171735 1949706104 1678857999 3306649353 3619934725 1777452584 3553274214 1732804068 1855045953 4000150536 2686280995 2074541107 1895871483 62164401 2750545237 3152231244 2309464347 2203277631 1674142104 1407958562 3070631247 4175532022 2267152466 2113901329 110710456 847220512 4198722361 214566064 2879083494 4261450163 2065754907 3178826493 2596319498 3815683347 3253882066 3989902387 874368331 634460068 77054110 1782305058 1014281544 2662413682 2679699170 1693682729 139940414 3716953867 2856056309 1624999064 4248112825 1362822640 1745162410 215172620 3711401553 3717725586 671515706 3501789386 4163838803 3227211470 3572166875 3511116711 603350107 456235372 1279243525 1087767460 1986405821 1307939723 1384443128 1649960489 1283492735 4282456190 2485461710 2637720006 4157656319 2143605516 4185880498 754334356 1973877893 907182119 1580978151 2901931668 2190937181 2976353489 2175725009 2711435771 3376231015 2861295100 692337634 3788512600 1484945342 2917888787 2964449195 3677633157 954340194 909537401 2968921837 2209270848 2699537796 2915605802 2658151043 2137079816 416773915 4101872072 37033321 3270595090 2720939363 1830614992 4170821859 2228007462 1309912059 351872402 1150746927 3147348984 3969941256 962941602 2954647404 2168778774 1381322053 1832494278 671139 990619398 2484268764 1472815576 2819106255 2501103111 990824214 1858541357 3656160686 3414899312 3153523433 3045404162 2925996588 2172373572 2697371323 4276639166 3447208401 2289100615 1932532085 2822939837 2453744550 2149660998 1574866765 2053795033 247392049 4010407008 3768999522 2830070304 3558393236 937527599 2029506659 2233520541 817925071 1364183912 595981226 364




***********************************************************
HOST = mintos, Linux

mt19937


sstring_HammingIndep test:
-----------------------------------------------
   N =  1,  n = 500000,  r = 20,   s = 10,   L = 300,   d = 0



Counters with expected numbers >= 10
-----------------------------------------------
Number of degrees of freedom          : 2209
Chi-square statistic                  : 2262.11
p-value of test                       :    0.21

-----------------------------------------------
CPU time used                    :  00:00:00.92

Generator state:
state: 2913726047 3959624365 3293493442 2723284829 1072434388 490129566 1345673842 1894548046 392387695 1974651513 461564535 3535000489 230231141 612661666 606654134 1115806844 1751523855 1672173768 3288658670 2318395824 3418739880 4245719429 1525499711 4111875329 4010517691 3777187808 3556319938 381250111 2221694933 988788951 752718699 913337438 1757537114 3186783843 526472889 3369792295 1179269563 2915620293 3353823899 3507347530 1745574186 730681301 666756071 3852485785 4212177632 951370352 1813862574 788226596 625024352 2090060919 1439204121 4172145445 4181964462 2415081193 32164963 1832905082 2071383997 3232094322 384857663 4227432223 352334929 1489193127 2184626261 3750956804 1355782375 2995503175 1296828088 1533759168 3131901444 458593590 2382926565 2691983520 3550876361 829040710 1395000532 2899517171 3623099365 2976585592 250982367 1429819156 2643946748 3432961709 1061526350 626434190 640457777 1037162613 1934227325 1363540466 1053866883 1571724145 3599757298 1731277773 2429585429 2956475859 3475616768 2312981410 3838779131 4025177501 3524641143 1160360803 4169597893 1618305797 2134392009 45093423 3476078554 3236868083 3519712533 2182721040 272181438 1185455642 1171939070 1533427708 297638703 3486400288 1189068350 1404466725 2936967828 3329394668 1061519385 565315001 3761686295 1880956283 1325457384 1135256888 3893395738 3071589683 3643281955 267657781 885380226 3765185117 2769581888 1722263242 729208853 154741265 459038619 1739572979 2228353084 2082073973 963137914 3021841572 539405100 690460840 3355591078 696163159 421904956 3429167125 2456136545 1491433831 1686966360 1711128036 3332138421 1903876665 4076988007 4118462346 205544497 1251441593 745896340 2884021094 3811232537 2709584582 1886661528 1801063382 3070188927 3664936093 3145636062 3157403500 4233464632 3635515037 3254891185 3515997254 2889821477 3181658369 1058630437 2126822812 1279396994 1871916108 821282672 17818768 1323738871 949254661 2401557559 608241502 961723255 3754904994 2105178245 1794210548 2015978427 3464396632 632305030 900050949 2617188797 328597131 1983266031 2192414091 1415145170 1954806349 1011606102 3026320768 2762930164 1334914571 4128188361 2912445656 3111261556 182043183 711035692 3316439179 3985110826 4260103643 1309085796 2309710268 2114992509 1516712112 46942649 3102270463 979395286 2278996390 2769132243 2629079574 2140161882 1333554432 168672797 4118259688 1712786419 789631109 2508142101 2988428078 2466340599 276459168 676552807 1898802831 3984076090 2328660407 2383378981 406853741 1152454333 2289307784 3361218224 3370407986 4255004300 1986769245 2604218810 794628154 1008537816 3821430080 1675779296 2699492581 3651778521 2327929997 1850692984 643790147 551801908 1245648075 1883676407 3455269649 272385075 914807793 538616293 2205054747 2702151547 3920859086 3868152869 1231853966 1978020232 383924424 2394969384 3628549684 1872658517 1562537920 2304195393 509128463 3889831194 2746939682 2235372037 1147252685 2339969959 2597188383 3674160039 2384846458 1422214129 1150276544 3921153753 2901089453 3789157318 616789209 1860433777 393826474 3590643637 2733381789 1430997182 2168492794 1325009659 2551808491 3732484826 2209861141 2896200553 2114975601 3731176346 2157626154 1933497382 302290617 134798925 1281941585 626671756 3359952567 3857816835 2913660757 2475214790 3305733068 3598843880 3311885866 2185623035 2675517315 975533010 4127178661 1718880782 2688542342 1026512708 674601030 3390214310 4178602245 2039237292 1410908609 4105209364 455074734 786236271 319970307 1402686144 2628668849 3457683848 3877102495 3736367923 524359976 3967195767 603631074 3971529315 2854819704 289131054 211857835 3606138327 1497048213 307428098 2135386211 1922056490 3730781757 1650961175 4230523671 3884709929 63003740 3863630907 2677561003 1914791603 3400738329 711514589 542293027 58782950 201075817 481896957 282177428 3101468215 646774312 2310241352 4289064078 3233568647 3349431652 330706063 1406029425 1112336277 2282353251 3861590513 3888695089 1593242723 3027956924 1471928326 1603836978 320598500 1367075821 2894848155 2821173235 1140462522 4147780683 2185435911 722784358 418046269 3198999244 3555589878 1492748026 4214449361 2362898332 117535723 3578123909 2235503437 1038116588 3438076112 2296748217 3544761497 133471250 1892369341 4057922135 1410672554 1131320441 2704079052 2065107283 717825834 2398617516 2250327070 626597228 2194390600 3233180923 994170838 1094914129 2854618300 2208263254 790200556 2629449745 944692054 1315763119 1785379445 1486626672 4098553422 2098030605 2243308830 395814928 710008249 1214987908 2701730457 968518732 3153923927 1920338019 3746104109 953018885 811412420 3742318075 1412664808 2087283068 812385604 1234177159 1750610575 1087078167 4284509247 1843677189 1887552779 3143411002 4035141761 3620689388 2763563844 2256735898 2238950133 3791785727 917379205 3657108866 3295249444 3813958089 2731175601 3807285449 20206405 1336039124 923843031 1349339764 2415177233 2800223863 2606690322 1875285573 3048399380 467008412 3343652952 3026928870 1150432225 2513106027 3963182305 1240000937 860540692 930985472 770610260 3364208930 67235103 1602209094 1931002477 912613133 3292055800 731080819 2599360854 2572179636 2799408956 2181129454 1670958101 3175563377 2436487257 4082022573 1588789150 4158156940 1518743433 1848160256 2689850911 106443031 2539550022 840495761 513688502 1771312826 3054845446 2235814010 3211423779 1249915594 3963902544 3034087560 1392262562 1831098876 195498137 3225131343 4045791685 3571507766 1497941751 3373367443 3076315071 1290240042 3290987988 3596635718 3312880788 771579829 3995273185 1209211211 3272285182 3915446224 2876946294 2145169094 1892856336 2504857567 2171647771 4132597535 878188829 2706417011 3004080110 3987438494 3717024308 1828759747 195747270 2433974456 223256480 1291566949 986469508 3717847030 453820451 3789786793 1021251889 4021160653 1881835439 1658102231 4176242202 1421926685 3220313757 2911720338 1502576800 3043621952 510345524 3205484607 3698601651 1392525782 3998949196 1046543945 2574927214 3366613114 1962769433 1722318785 3069870380 4228666013 440675905 2291362845 349520216 337744839 502363218 1557566257 998037259 3305275057 3275360741 2523492580 1797360410 2633712749 743456633 3516038234 3551407866 3076826648 3196722099 1106968838 1493486209 3975356091 1997278916 4171397962 1008900773 2766092323 1995688772 1517709286 2242628896 625146557 400922368 1773891699 929097919 3122883251 4047559049 1101142059 3677445090 2281044019 82680494 2968043333 4132502390 1690867253 2551787600 1474434215 4179105280 4246008876 1776719926 4279461237 328061057 1778314903 4108131156 2868607270 1088608776 455277336 3596546759 2193067769 1972975778 773585222 699431991 2933054984 1419818542 4279632973 316




***********************************************************
HOST = mintos, Linux

mt19937


swalk_RandomWalk1 test:
-----------------------------------------------
   N =  1,  n = 1000000,  r =  0,   s = 30,   L0 =  150,   L1 =  150



-----------------------------------------------
Test on the values of the Statistic H

Number of degrees of freedom          :   52
ChiSquare statistic                   :   78.99
p-value of test                       :  9.3e-3


-----------------------------------------------
Test on the values of the Statistic M

Number of degrees of freedom          :   52
ChiSquare statistic                   :   41.12
p-value of test                       :    0.86


-----------------------------------------------
Test on the values of the Statistic J

Number of degrees of freedom          :   75
ChiSquare statistic                   :   75.61
p-value of test                       :    0.46


-----------------------------------------------
Test on the values of the Statistic R

Number of degrees of freedom          :   44
ChiSquare statistic                   :   53.41
p-value of test                       :    0.16


-----------------------------------------------
Test on the values of the Statistic C

Number of degrees of freedom          :   26
ChiSquare statistic                   :   18.51
p-value of test                       :    0.86


-----------------------------------------------
CPU time used                    :  00:00:00.97

Generator state:
state: 429812941 3696492254 684771934 920609159 3114151012 3196196661 2992028224 241818030 1550750333 4142630892 1696536454 3815198164 56983392 986117996 710752606 2493990954 3605375689 2441583845 1693036424 3076310516 2758781048 4177493621 430297591 4005531944 1831506366 3858946415 2715762143 2276668999 3994803807 3885709820 2492197078 2569755656 4066686848 1265994655 2361577409 1574928497 80927143 3762783967 3835340985 1347979230 1991310996 3388983525 1185397826 2304450311 3718351211 4207716302 1880642567 1602220879 3287681695 3904511812 2495117416 3433942418 4081924415 2818624124 742816806 4180570302 223567682 1052072862 4198392073 1427271194 1892254758 3161810385 1035230354 4090521064 3049955472 100178135 3338402797 2106256798 4107065362 2220457107 3708096739 3866443527 3149454458 2894717401 3013439145 798843625 841045175 1105998554 1578993962 1899782143 51849394 3045323828 2239793752 2149176525 2037446100 2070675789 1605255688 3499911505 1523242123 3277584996 1329683453 3672792248 2238421500 2963659380 458560200 1400116861 784693457 982042973 208944391 2277850095 2714041765 4173406707 2654031117 3810723671 2721979186 2417858013 2581294146 1644716519 3306929257 2074148783 1656459980 725003426 3902679844 3385245185 2565429091 1204754259 2917511215 135882458 683672128 2828943519 2793399302 1225032159 4092023404 2271725528 1132328781 4244363426 1287767091 485190017 3111981625 1126834620 3789623652 750152913 709308056 4280315285 329856551 3878500036 4022899078 77551202 2144499556 2750341884 3887867124 2222047824 2207249329 3001347648 2738103566 3969239007 1796029382 2455218955 2052816059 2084057091 3335532291 1063106281 1597817992 3221161432 3292777796 3840967056 3795513552 112249107 2457281234 527937441 1271262297 1300270034 2331317323 1719002677 1665754293 501538667 3033711523 1641274348 1515693486 2524959850 525368896 3975916915 448892860 3178259961 2163875787 936315572 1937087290 834956163 4230205063 314240713 2592216962 2954981630 1299076792 4059011872 282642079 2528474499 960058737 625260086 2113890690 1698252965 1127475541 56449763 3105521842 1068245958 3567681120 3459631090 526606555 1574430120 1769460769 2144729047 1728042779 161559853 2287067191 1460113888 1323183880 4273965255 2442565155 711546704 3176937019 3149752266 383474334 79946762 3512377350 1967750503 233803341 2929960045 2758016501 3302234401 2217227916 3596107879 2149364249 2303437733 1451509137 2599704694 1426143394 4233021095 378796542 4028388852 283767576 2189932478 1767892595 621464315 694337262 2245772602 3125560167 1130035362 3509650684 157576018 724075859 3652142028 163956671 3314048568 3350330239 1615368343 2686176865 3706730607 3905144396 58556774 4069837397 3238305324 3978591208 3904314507 2302438663 2227692250 1459680717 3427186218 2128420838 1013821192 2048654292 988420724 4169339567 1284531495 1426752527 2570319664 329800734 4234888501 2062059704 3211298996 313002829 2904807051 3962912157 1745545763 4152020889 3973534668 977235392 608501335 1773352671 2778430738 3243864177 131304030 2611766688 3389398006 1016246433 3878700503 1623776707 3334803841 163349762 2050367357 3470540102 1993989098 3440259757 2879375392 1972134405 869530479 203355954 3753250540 1892414963 734950698 4133859720 3240287239 478826371 3594853968 1743321832 1336007264 513938794 1008033498 1955830110 1500990406 1432578765 3580914709 1695152413 3397756237 1221542299 834427426 335606079 2778657065 2673346241 1078653801 812022483 3269396259 2031586118 2018344617 3092089590 3631819539 2811128271 1263821277 2091196081 2842794933 3588893219 4057310013 3216814072 702423116 2022254389 2376385700 3419676602 2197731836 2524792467 2881825794 4076928086 3051733891 3301722553 4000643592 255166963 825972500 380312504 2286568473 4113051211 4266442369 3512829820 2690176963 2771309777 624045886 2631665258 1462917590 3924751212 2849182776 3036718688 2784063428 1558293219 3951606705 826413168 3311133588 3119115976 1067075824 2418883407 2416176079 440464423 3035593029 1380794470 3249199201 1980845462 1597790438 2977312140 1612423870 2506252475 1328390 726477783 11200066 176831996 2866101326 2604658763 2088679938 3200173246 3537653594 290523956 3128529160 1805535563 2846955890 1361610320 2138298757 4105914787 72211476 1308937796 904673761 2043285233 2159464757 2345745439 1568463850 833090716 3626222126 1018116537 1109079612 2822323023 3863373747 1514419239 779840207 426049740 3903880260 3301376595 1886527586 1627247225 178989275 354713813 4238266731 2314122320 3047451578 2398767851 4157084460 597593105 3183735255 3753826331 2425737495 1889533627 4241242909 3112791724 2857165299 2698295464 3403402476 3820261966 1814281786 3641675530 3946144183 3654870371 1471977568 3885974461 3844307698 2616652442 1925498406 3799085996 4238791407 745980833 3468506631 4223814262 1240827744 3778161695 795219796 2868338323 2843546733 2088230629 1222078671 879867186 3468218652 3817637924 2316495058 1718662799 3641515673 4216029832 1676726092 3997966105 2508874940 3977546324 3344579271 2799040297 3705220747 2285071438 1474308475 128255539 361492098 459490410 110502194 1329540611 1100977089 312800573 2773358368 2880011851 1854858402 3058928590 519310903 1324877415 761325604 3971613297 294787094 1543705166 607877107 2106445885 1762276687 1447638301 4165300901 1495623400 2644071685 792862788 612691238 3715554064 2954924325 3780725702 4029645629 3255682527 4109345266 1018405562 2788707744 920490065 532017477 2880955594 2231158995 3027418855 3295245209 3557146496 956868209 306438935 1313998913 2992935678 1426896223 142547957 1507299814 544795506 95720762 1821543330 2924496299 1083538966 2413083978 4132132157 2891052444 1007440841 3916087467 1955361471 3019728379 3201382475 2850620745 1100248471 3003322919 146221654 1960488109 1392551218 2683875457 3573978952 3127612070 4059268616 3171938424 2714953891 2850368717 3911387257 2066785950 969719447 878854793 2938767041 4199909045 639045917 513334810 3112346855 2262560614 2761633377 4117822409 1029112817 415390417 3166121602 2923272760 3671910768 1061463558 1234850146 3863713805 3859312747 503105176 2275479295 1436997329 3088935634 3573667521 606559529 3067352136 2884109906 1525067967 1756917899 2239495923 2338649108 431093193 3250180324 1170596423 3248050277 8338384 2738613454 1098135647 2785019786 1749669092 1193742705 1651168880 3009061940 2509483556 2548092888 2940110491 210351679 3084593458 1567983988 1125422867 1829953263 4003584267 1054276133 3243112789 1402061170 4216620660 2126562077 726145274 2469232625 3925448664 2544555102 2260779977 1312664883 1255064275 979973818 1062864868 2312301279 240189453 982164898 1086858595 225703426 2963793698 1224006931 3995355849 2544159433 3793594182 3997080287 1142421057 252491159 1151854320 1859286241 1578547878 204





========= Summary results of SmallCrush =========

 Version:          TestU01 1.2.3
 Generator:        mt19937
 Number of statistics:  15
 Total CPU time:   00:00:09.00

 All tests were passed



