xxxxxxxxxxxxxxxxxxxxxxxxxxxxxxxxxxxxxxxxxxxxxxxxxxxxxxxxxxx
                 Starting SmallCrush
                 Version: TestU01 1.2.3
xxxxxxxxxxxxxxxxxxxxxxxxxxxxxxxxxxxxxxxxxxxxxxxxxxxxxxxxxxx


***********************************************************
HOST = mintos, Linux

stdcpp_mt19937_64


smarsa_BirthdaySpacings test:
-----------------------------------------------
   N =  1,  n = 5000000,  r =  0,    d = 1073741824,    t = 2,    p = 1


      Number of cells = d^t = 1152921504606846976
      Lambda = Poisson mean =      27.1051


----------------------------------------------------
Total expected number = N*Lambda      :      27.11
Total observed number                 :      24
p-value of test                       :    0.68


-----------------------------------------------
CPU time used                    :  00:00:01.07

Generator state:
state: 2289769711053918720 8066953631279856721 10282023323860873313 13107038351248547704 7962190813333276359 5670340604852507999 447975610741540776 7495687663039899658 974791500213133810 7765659040089745332 8599354746273290756 14439351780780119232 6239511396534102040 8100343279590327448 18384342009113686977 13185429323690811885 15208280358763384792 13758245710402584712 802946282226968683 13246496454232600107 12526409262280737472 10176929736095353452 2231955531387589197 4365552028593202896 10328327355228115587 12430736470398005683 13665608585897907611 14629683846491984692 9162440475733174252 10705057598828978459 8514750812214460633 2593033764662866861 7826749941673822776 17232269264163904397 15970396851083894946 17593374700778852297 4003506738533192854 11198638070986484118 14167146075704469205 15053483282751948940 11658761736760287091 2369082852692423036 7879743189234912406 2804476298297760795 13180364492087431068 3894504297913152789 3622833496509927477 14763182730176066889 4169412922887038848 4360963003873565861 8092139747047206630 6167959608128416748 14437189611307486217 7353109546007299273 7192519287568519780 5376003594692396001 8878582227072314255 10933676855099394989 14995145513331761096 2012193813388794259 10660904713545170400 2161975837328278378 17408415810030802755 8481378655725960587 6851289066732011895 9631322798297318265 8362502028665899526 8298277067140864890 3322603616642769765 8471838120321711223 5551766474412922755 17568048142828999077 15260726679727008450 9137588008741635372 14391969087502920288 12518211363110631229 3541739446024639802 16304227344978298517 9822967690070696862 15139451035113809311 10302567120419827430 8169810638862658353 10330216719599059619 3722875305109059181 6323181222622601611 15163477616469426778 7311346097551634799 461631405817996193 16112149480682232489 8105845810399569488 9575635936105688530 3543862986438975144 4528439597839747248 16152776686976062682 669938079215268927 14049088344590790310 2654813914989529330 2147951778499530852 10071637698611332711 17237184605062122696 10077444012685738649 3695822716469210229 1971123312244251826 15649737538141468864 6709525362223314486 6875046048622615608 13309279622532464588 9868035283137882925 11503959132310206209 1686870474977810375 13028135175025255703 11601367541365255011 13328479024735029974 5758787800956795400 13178562227538036257 2338746085410565773 15976102436811920428 11860205477704336717 7814390674383353543 16368500437429440807 8410363803924963649 10742931594192793194 2542125945738954819 13850585497500591086 14391146086498688965 10025569532875787124 8563839999023880991 2903508300599575436 6022956933995388076 11603813738302527413 10774812576722301617 2200346937728176436 8510723521631512091 12202586163909132227 13856563095395976039 4221776281597361825 4221555026411761452 14411992242743572756 9162685047001201190 15834995335420391429 12882776928125935212 15129067780930418962 8004759217586561734 2113805245146502784 6732228060892465708 17936090093201626936 5890566731865171116 13888126075383005467 10733549924911653529 5382932883640758490 2891612793205820785 616353296574697142 7362807806253511928 11549698975832151536 11225288677196767078 15685999355966133344 3819983947084935794 6314495867325781448 444589451538999402 13793900811045933568 5839986691154188315 4573512088578298643 3546867232343636095 11440370211778870220 10294648686206629502 7965061343634401214 1720093856192757900 17503230227098229635 17894721002462851748 6637537344348705019 12118358973748480821 9947506053575951514 1425737069583007815 13394482380113645674 819255615526769076 5379881511068675839 8968822432107977141 2899430252735783934 17272250526410075025 11826865832241741537 10665449709330946349 18413740752486484229 9162117511444442797 18438972560853775382 1304227284686487976 2242210055257721034 15181546335921171713 18037311164821779438 16166540353934322552 12734672736468017827 2938205278365413137 6180529229717658387 10926889636665352786 11495528544312830505 6630424986649635392 9912452966819597156 3326894649553545765 4994221400776249250 3792803431586405265 17096208011691811816 13978214631670266131 16224832053382398546 11731076519655538442 11740372552181877447 16408513313639800539 17369995711567398629 15077169974614661526 1459479849947007941 9192840908610301625 7564553985496199728 10345791388288388249 3618331238249422714 15635183427237933968 13674303937989862140 16519955469023264993 1927546085804209636 18262094860868010043 6372069659877882486 2581841300401217792 16590498561323665223 2066329586967734296 8778348932581670664 525520991657918334 10437815443929995811 16042675470951589389 18287130625685830105 15361409407702827167 8864193964012799378 1514563263853182082 4489590608249679143 9138682077109030472 6457329327569375037 9014556157580420014 13275931305063753854 11154700643312955247 17204356396698353835 11586514128204784593 1206445877803869642 119306572515368676 5801570730300203231 9475000144393053211 4339082951565240951 15701202887044297319 17350948194639774087 11262584895281499147 11376453955563874981 16203668796273634774 12662302567118059517 12678240577277133453 7414674163173220993 15365888953240868747 4835928183490039669 4756288499703454065 15873685605597659520 14560246954230658241 7075267931747480138 11805525201614569491 2752223994715834693 16436227161325863242 17524508684365900514 11548734274307722580 15371070199135590947 11658100611699003486 6611590945211267719 10294792914812091558 283759108828033266 2026457915082318782 12733836862159355254 16480331006774493307 16527640385112382927 12778023404199314765 3873192218912789862 3466427776007192438 5750121110866811068 10300710173999198658 14340892454105522828 17170597537451286459 13925865839693829797 13504528247895357234 10303200646745456816 5171666745455026151 3214607440521090925 16249315097179562010 12639551526693848915 17125412080021678365 3451230812983034048 1645133410078718877 912889578520993051 3080508732536942857 7991601418786924635 9848738386843497553 5261335106806047841 8258843002236195804 13696616906788767165 12224942749427040796 14959425012328330312 14106735439686250214 18255027187669982208 8115658687519823771 18321261016762974195 9845860518169042533 2374682270357662677 10638812969675786622 10790361909670027218 13031791960488095213 10612633696476264689 11399740598801529431 5850341709471258190 15584073498142721119 8762397954266914517 11653684201219057544 15623372205746208096 88




***********************************************************
Test sknuth_Collision calling smultin_Multinomial

***********************************************************
HOST = mintos, Linux

stdcpp_mt19937_64


smultin_Multinomial test:
-----------------------------------------------
   N =  1,  n = 5000000,  r =  0,   d = 65536,   t =  2,
       Sparse =   TRUE

       GenerCell = smultin_GenerCellSerial
       Number of cells = d^t =         4294967296
       Expected number per cell =  1 /  858.99346
       EColl = n^2 / (2k) =  2910.383046
       Hashing =   TRUE

       Collision test,    Mu =      2909.2534,    Sigma =    53.8957

-----------------------------------------------
Test Results for Collisions

Expected number of collisions = Mu    :     2909.25
Observed number of collisions         :     2899
p-value of test                       :    0.57

-----------------------------
Total number of cells containing j balls

  j =  0                              :       4289970195
  j =  1                              :          4994203
  j =  2                              :             2897
  j =  3                              :                1
  j =  4                              :                0
  j =  5                              :                0

-----------------------------------------------
CPU time used                    :  00:00:01.10

Generator state:
state: 8771307435659077320 6408038265868687457 13197134059254984192 16434295299129936830 1265662373695963497 16387419549973094084 5735739012903730927 504353054986408121 5970276766138646995 8793562831353342290 9612686646256316038 10464029631324585451 4370075059644051448 3640889751932366801 8606974517367675587 2207502164262620303 15070320135719857144 2098245552809240823 5832850975717530875 6290448675097209979 3546217767842625314 12763890742835299858 9070267249289856385 5361078632905952554 6085111439697403710 2537636225602758025 3224708493698198598 2223889558124500411 3491397450335636452 17182646190949501368 1338460755619733110 1002321512843305651 11611962426185647027 10552737532921445153 14962721522209945511 468420892219882258 6157163166372260925 946555404714505828 6867793320062708089 7573542476574717301 17367377371065090807 7848149709398884885 4932657105690926803 393665406964631933 18160322407621618551 6097613841312458000 10368210527155773310 16911886845042927856 16468836813528711125 12887527166743051473 9211141752353353232 15692199139059345233 14717122511224225556 6541997601279504778 17097388069103071916 6648911607133041885 4507931705681414510 17173672949315583874 149294979282402799 6166271927066304826 3223860949947306014 6052651434878617294 18171407084236642861 10203391797360180158 8803247790006105018 10484993594648556064 2784105702144255518 5908890112153385119 6912331836361458334 7983019757642655180 4326074184967662353 5157600085516053645 1803019895936205918 15153578007064652430 2147781995013523310 53566808858700287 2869192639990950061 9017992888031167894 15701648252105849201 5380203515801648261 14969419648968025406 12678503368986402280 6635873907354164897 14309259854191828181 4269922899717785641 14546022612549346471 17254765151483464325 17743646225892026467 2533676634788464296 12171560318105009575 1089301178208948513 16885644021698075467 12901191803732339310 14733098670215413389 9686885964917806181 2319886684690037750 15374962788216534495 1650627580044149089 5086164831521154389 7357823874562817817 9131301006395471559 3060333685454779818 17943631265268598178 13394832191365452720 11553232457929079103 13944241796657201798 17096145133937174627 10187244850578931805 10810581824123266019 9836474108235079618 3854120572008663285 14614312496655411617 14386997447902396175 8466093230986277978 12742644603591087168 7617061142339974305 16622541108223694369 5765793212498235497 17648480806162874528 2992748406891664797 6351186353333624381 15601550155613314239 3328571829308154092 9609026064573170172 1724996766011955427 9180570655329115675 17103225007948016749 2347848399387877325 18096208566391818693 12743823592388566165 11495622649073890162 2511515730935200979 4689888055304991973 4750693345682698953 1995419846748251443 18074106288236607047 15516727079627573496 2445203602705650923 3784418468774541688 5502437837823602694 15717524444833258377 13310517998791189264 7090547362850792773 6650133407941279146 8485099727615607421 7981659349325169543 11658718416378189254 18298028047876775101 2213758274807424866 11356820084107604102 3626408485301627239 17432007530508866468 10328259177062883650 1199137996224069395 5882404535740011202 9297370014653546517 714950172627444091 6706024737411677972 13731522831402179160 12263994268460441510 8449484576422256952 14393138821933179586 9257901153971663145 14222235972320082157 16191486638586729369 12785220401559621922 6772247512596432277 8973704831731561050 6079666041872556792 14683079194581380371 12732288184880604382 16460121904554976232 5699492148999479208 11729245261906791274 2389043473817727319 16095674417114695534 3320232095946629437 245309899045228476 15394315078363667967 8475755155320860843 3817378785775178661 6248101554126908771 13036408115844489076 14169632574287013653 12269067673677829932 11327171499109705506 5106059173093529514 6739009663651446918 18389807888734853922 12862364947155745210 15642895288528738879 10224782651594383385 12679443263756208050 10196269487603083939 8650081814397374133 6622308985344279876 12899725698446884467 14914928157299695884 854348491889765962 5798164140931100254 13829459312197893348 9963849678247673242 1482859595845814607 1423015822128013860 1454982002622741133 7346144326927428083 13666651693903039527 8027407773001619908 3705816576257683315 6636073944478952911 14027429506525177396 2112515501926253146 13308669338447354553 6233387617185426139 3692910939339605235 17851509188517395155 13746408800820433784 14989989934759918781 9058544048042299338 13158259171846913046 1016545960000930349 31702765671804663 7301809786492163838 17260717585141735159 8525985740446600921 8071689954299860714 8980923087422820950 18233166482391727755 12188277279423104337 16055911198046365341 7082938923625855237 7245692779418811280 704011461892300453 9120869350673248649 737780586583807143 2675792417687297980 4205514339671519986 113562408607266096 8923705531349872014 13977840820398097739 5681327759621665063 1976974146370697407 14250441277940640311 474246952944382712 15014907256489225198 16984090077060271383 9993531959155590045 2840865804710818489 4294588337685035810 404146889387473397 14878890016627769792 6206501453436163452 3884820261190706025 10514608116440458783 7343433936078208329 26333026392549969 6263508530492090529 13681182508004293513 1057793251907194086 16823845187540903056 2522171323584215214 7539508081407859295 1745223404344332037 16570794363563693530 8122517771297755479 6363614136389161916 3617732207257661020 4242299447034008918 13765087614749404870 15314883076839669401 7298829187979052991 10922746549781346219 1421657394830495298 1597934386972614980 15845508324505462013 9646633374941636969 3961968813886608570 3148084508581742226 1313167289930071109 660392862403144447 8382972961467665523 408935187480110891 17511055882796982444 9518305842363917040 6622528133452046622 4849764590301237404 12181891203971877105 17790432279348937581 5123531094877902302 16906055316547418913 11874320262846502790 11626723501654244271 17814495280130575963 5239599588277768121 8164103905947055063 16525574716873178487 15427345847879985818 15881627081110605767 770403002387631460 5578879341193046770 1277341870358044620 14711282565405609238 1298054922555507565 2176815456056350836 4090883697609950686 13208741441567677903 11234085126590385436 894466869612215281 17214762069162374647 16482835986268979222 8713073123475363556 15494803338030142321 176




***********************************************************
HOST = mintos, Linux

stdcpp_mt19937_64


sknuth_Gap test:
-----------------------------------------------
   N =  1,  n = 200000,  r = 22,   Alpha =        0,   Beta  = 0.00390625


-----------------------------------------------
Number of degrees of freedom          : 1114
Chi-square statistic                  : 1246.98
p-value of test                       :  3.2e-3

-----------------------------------------------
CPU time used                    :  00:00:01.14

Generator state:
state: 11446577241708575093 4893693913297684061 4523888555740937925 3605259341780448220 14195990932320582956 479438775467754676 2288289449516244036 2332883999971990438 95913780386246686 1909728484493506878 5803888825119246490 1776538592391855019 11730402517884675062 12089758516845652448 10979446189517499059 15551215292165774620 14700148251948206294 11291769220477474813 2849282891779062131 9518658438126470364 2484149651419249780 4378459835255011820 5509674582357148113 1519184250063890135 12325409502106149199 3883278672158084840 17985862561834474184 10672084849784872739 13801558595060962173 8935599361186754436 7108172923851922499 14189892124814877773 17618628377311488510 11333786793180122339 6654971303668318701 4627763833678403384 8440712168182835327 5159317104554747459 16675322871177151929 8577532450940979035 9364187909337040454 6813332419623066215 13177782146446971520 1756898404332710596 14241711358695173498 3469973212292849731 14540584197433111100 11343763375452223060 5945307502787179302 9025234225506537487 9469448231886043751 14895660074771133457 17097910851233615798 13367939352883441687 11103200439872754197 2107389851964182191 12987294036121600336 13658435826498557258 1023283518082164043 6313484537191260392 1446574677042260549 452394310419521678 2427104294461622989 13032591384501348699 1285370552929637459 6345815816692556689 3480543704507475842 8923300160157816340 4913863507065972196 13185800688157290281 12884583135956491123 10991832983316367761 10500768232122712336 287959070121229824 15696282653776655895 16574900690122499326 59574167606693080 4809705856008963943 953243574917030078 8602883010671001451 7760936296424517319 17580205054364865287 10856929729723647250 10673828097245643325 367469576771706256 8805358376456871180 9234988747762172127 5504009323031332105 10818938272791299306 1835226358428779980 1050179716772002866 117208424075899012 18290786308966172554 6621852704466244619 7832300707393419448 9548078241177095784 8162516410843899732 17058896819472129501 10779547715784840437 7960317528130563565 14699999195633779306 14412489659933539684 36259668849550753 14175841295185007652 12518956434196578660 10913404394508447595 3585914089639094433 9701422394789849691 13617156954998330626 10448425752867761128 4543654224902665088 18063842859340609835 8717459905711744182 12424418117254804824 15896004625768169058 11412123068202487472 5598005761817474379 18162696098349350246 4131506007886500186 7588390587383002812 10079362910997582721 1270998111442643927 7062310727256694263 6794332008776944189 8925757537337409105 5543254744687668038 8258308539738784379 11079311456672458772 13926711191026370067 5601328692766140417 10447991236225332026 17313051111886870717 5331880142204987432 5872052237627109560 8507964702196240532 5913653689033098636 11489785550599279490 10632308896900424310 17359349334900134240 7300712096977559126 14968392715352906577 5992735314214525904 14643371650249577367 15522192636046117562 17928518228521720535 17315415092194655040 12860137635721317658 201193271047533478 1452164532495210965 6694785312102583125 2482970730073586860 18295100594974845678 450349744040246432 4675131442084874077 10147635738148335576 17052704392784632790 6006072764714779234 14022654945724181470 17349439868397675686 12955577131505149768 6535283602983577803 10672502660398036354 5485184840094893890 1639255869322336317 16722100169755662537 9864788475140979190 7610390395797424508 14732554146909113975 12197288785588156193 6283658570652940752 17963781989465442747 13090091902847626459 4930599389078829401 13334265788772250156 15622576008548741627 7967557725188332844 16026513708707005215 17588927840957021516 6564266038320361738 13550284042888752977 7139015458410442430 16535725470442138304 11575774937922334198 1415802219865990402 17481015363338877666 11702631954012359725 14761562697022541368 17828055705338081654 6764549452760643110 2046057122470733434 8603714190172557645 488637960645473033 10413676734974719966 12839318453901047743 6597973772097630610 7014666525093301393 7628237044137953105 17472089808888881903 15402022425429242458 11642281001755410610 17724370741414426614 9440720795245734117 1892281361616355810 11013728165722546424 11113737994510479589 14344184463040840769 7898304403379657740 13210358302576956144 4790265690024241937 16577555912076386144 4714413419168619112 1031253629735165300 17957050988672467999 6425794889142424785 10710264048904755981 17738903051983057503 8601604798736008059 17330006325866133855 8105274295536347142 440166518529340562 7513305195316568038 6725067757283610486 3562346195498129505 16099764376542802711 8431819443637085641 7678268360517233495 16473522542806068403 12574210870422214622 1488300289186671076 13482756006188826700 17718682606863796855 13802787275872172755 6823481116046281589 8379152727521460103 15098795179168489065 7638877550098859240 8843782039739600823 10320015876292024975 15932023169686270456 2439450984704961522 3225881695668055828 12592417696684864143 2222455360989321588 1814415773571791576 2766679830866530513 6545739856625307287 12946256465711330155 8785307085853330223 13195337223653757016 13683729858336740791 10215268469517488506 14492687629135129337 1052795095783406055 3299445713738243787 5012123490055953855 15029465863422610109 18324560044229100903 15937899129814559759 14404424909715947482 14002369553838194201 13148214731616956769 16038063205031173511 2035134415140457730 6864051462339208076 1357773111284633328 2056763748845799425 6347331863866832890 2252956297136439637 15864413195418362783 7036188663973202250 16988367881048745844 14768277807503541196 13297693951085077649 17148853484858903260 9936458744246595157 7300184262492607470 12835266577223529963 4001057413128712699 3151912225710849922 5664407536321251952 8375028870998761372 9086178415027206879 12256927742881309138 7418969155220436804 9080570456289755551 11233001385125730753 17084915181620023385 16526289835244788511 18264255003781688045 14659155343651170771 5870561705120947120 13778169314668530921 17001146849645191253 6514583635167085393 8058585286754333063 15230578885176338952 14078216740960797365 6579237971464319960 3032122236423882143 10205223678617904871 703619268450309175 16772383695072253301 9206474264728831888 6915119077128827700 12951761487049299298 836334227103194798 16439403532443110967 9862213517985382480 10755298181139766043 12531670984967523206 7390646959452939138 8391888774384311941 264




***********************************************************
HOST = mintos, Linux

stdcpp_mt19937_64


sknuth_SimpPoker test:
-----------------------------------------------
   N =  1,  n = 400000,  r = 24,   d =   64,   k =   64


-----------------------------------------------
Number of degrees of freedom          :   19
Chi-square statistic                  :   22.71
p-value of test                       :    0.25

-----------------------------------------------
CPU time used                    :  00:00:00.81

Generator state:
state: 16086596567561647447 13670222616775456900 16964797169577273912 7514376479606061013 14243434599824932864 13812331560564117675 1381066101905408392 9262336728719342548 11778972098815560778 6807974673756845199 1203944732141594330 9396114308597474763 6089458129369600192 13108008756885591538 14839290515678063099 7617370634738400946 14851308426551640295 430563765665978522 5738530967523958027 7714462412092011673 515424359818507649 17813530874155220344 9410997882961335727 1337398460028126898 1122619523514696956 16280569381365734142 7799269223200751250 10532889950281013096 4127505803652458467 14279267234470467030 4070557052529333847 5383802234341273920 6010404265806738538 1571583523804334870 12331954967913514127 3348234995617704265 10506419391294571327 96947661457211072 14830803485172865085 6256936220598094206 5647585990587338055 16995589231187476886 6983703518226211960 16422679018338168272 7112508780325118005 14004263139108993510 16535269113763029322 18241263071716146672 8822719322147362100 8767010558966884632 1547843681414224241 7136960493245844227 14177389166776990847 6241246204494083952 1800092480460051501 13456862539753366544 16370299263911548996 8086984643910034777 10766638679478828907 4592786086186107674 15003481407766079446 15125526779380090064 6721102662566167420 15455295365827661484 1956519668719559204 15537489261898430469 11101974961555943278 16157953732703197416 17353764291665643272 3629354273628146029 7223066642948061230 15512981425648285528 6558041361132924439 15595237797436197794 4382155811092880373 7565813450586041447 3595052869936251945 229940790222610465 14798316601874682888 17342233099321120603 13238366357431643297 3518946924503250496 5098705947358684331 14194180400393956491 17487218965770457046 11746646686128263141 14111879195930194392 17847560455793950244 3470817807089421307 11793879119126432134 2572797974570592999 16578418020664200268 5783643103098789492 3004013349372964287 15305991369046505128 12273516086607477779 1068075223988759623 13907570368179850721 16138092648842786326 17959973815202843500 17199911448267819707 4226284859804295447 9614386427013402738 17403471525426211505 15127671369230143265 11002007511619336120 15530374350685766063 16016791996210604942 4375525906257091414 16835106586164168313 13813516722331481666 1498767615809250713 18322839823158388001 17118470175158085791 9573366675269908919 10984488085110917528 1956414965152068837 6386059700859718199 8940477084032740113 4190020723255845279 14165532677939887741 8501748535039037379 12052865716483880224 3317130188655863202 9034691669809489502 3450771922360663490 1837089949398438798 3667993127652315769 5020515485940920411 14776416109564004054 17359850151751139306 9763234515320271336 10857464160115807745 10042500595553271600 1331837142262694860 4096910344754564243 9251621455417278874 3308293496961956629 11314207510371401792 15382238700488702255 2992205236301815745 10728361284770682632 15042386329114626374 6017892788111517992 11666590891301471642 11741805381028948237 7633784616011013800 3626991095427638545 15986941863255563984 3276268205296288409 18322262935413666597 4415651124501974974 2246715919049404624 17364885650445589605 16030925389915265278 3145472846693249826 7874198343418175707 14639628512537114681 1432803813807310295 6752638456227255777 2372598736769368850 15350803171327858797 4960644976186250602 11161757064607610231 7844106601126098010 12800274281610576348 7799760030325406480 12186308316560820298 12453050145673983292 2164029954354354655 17590036530450407367 2781800453819631177 2715018781003440738 14474267306713766668 9914929167387701 12713411194712148870 13102441514022959582 12719483928547273561 2939006261727688243 9691818809387962237 4172879291514804225 1151591548499294860 9140149346238832286 7339643630469838892 772512420952276335 14540337325052197590 6563770800555594039 1946386889120245129 12874717656671706297 17448358514845982107 4115024842184064228 8676414194115585226 13542120715443706224 4468300213656743188 1555960620193970635 9329323335670570472 7827565042290261779 13201599224066294857 3544655613959270047 6172448433499840870 2282896159201932535 16534446752410339721 11631244038889231254 17108642477835567321 11670917206345958354 7282835086305498490 8536134682259081884 10522519223673367232 13736577724986445859 7584366390043473755 9029312033234165755 1060526386710293907 10613312448249456970 2314875760458504917 9678730044914843722 15974176625696176029 10118535491411292206 15041708654175649311 5021835139388581170 2026194565067840723 9125314168941498930 388749291226283506 4174503349638437903 15798916910937885373 3484563559143594640 9856651621854239086 3596102904205567136 2964374054536416049 1581712048593299346 4501426864352149333 2013599208596050469 3981141572398330447 15322934196066591283 1674659061055461954 15176967983315314297 2329198650135842275 12895446604833962155 18221967432382624707 14906385311014549395 1261870407037858212 1518288295307269748 8690587970050773507 8499939397945566221 3291593067822816529 7599021031679528468 10547938904148052656 17191830393028114106 8063922900853628460 9046729067884748244 16028851673788208398 6337214445448941883 10941649552340482603 17080602566964435875 1268811028894477755 388166830699332700 835896757199476608 13093509261144855991 8815871746984698147 8301725805946433985 17162374974599448887 16525039246230636283 17563007966232625378 10040418347698963853 15506028994716559457 14286336229324245820 3083091694850829000 1390800735560293329 3978915937314690666 14614308264692590486 15553470130766626384 13822695134067835593 14490371800880730365 11607917221422765106 16849532464626339526 3513186760155956141 15350901716153830295 2956078477429419480 10337543133413947788 2155037875016989573 7775545976936411182 5028347269198549952 432700741224035819 15155753250368644850 3497893748178539739 14181869761379261692 13358299065329444785 8953032102544911297 2057381963327735847 14531063226519225994 4027904260764919741 10445491913014684569 14056167432628139409 7020249352288896681 7991466530241435412 7519889238397394188 9559707912035199888 3313934616246673977 6875221733177589338 13959776426038208566 7327134548491083289 11299855980197366810 3769477940904726297 10031376154979233272 790432359371502479 9798025628362387847 16679776791572757076 12623353756995310008 4330587507889959947 18183689223388080588 3629246956861603829 11351283529131089453 16706282880341143648 40




***********************************************************
HOST = mintos, Linux

stdcpp_mt19937_64


sknuth_CouponCollector test:
-----------------------------------------------
   N =  1,  n = 500000,  r = 26,   d =   16


-----------------------------------------------
Number of degrees of freedom          :   44
Chi-square statistic                  :   58.94
p-value of test                       :    0.07

-----------------------------------------------
CPU time used                    :  00:00:00.71

Generator state:
state: 12226893952704508139 302761081100857695 7811842920689725506 4041776860708620437 16702237466467750176 8970041793766890806 16329049983134271265 1717745723299086462 6433498879897753681 1494912442633888095 17824192958491264082 4252655930095622787 13961120749400850275 15966641313807692333 14057988029175568001 6948425848305502918 13652014577591347993 18155268691992804103 9129919270504567744 15756217354280770940 16128671883529336964 7245824776212835426 9779060519438444299 12469724494828110926 18378619869629059797 7388719260758290717 3957497221254312010 1183555938355886361 4157045569750797248 3546034047058743921 1082491067273697705 14767383815508301563 3159262811072270603 707431051395325466 7632625157106429225 5588765523090880038 5757092082029499757 13580119526017585343 5267697732608372625 1144252528090596418 10923279819550782956 11003274664055930598 2500609681634288888 16253698476102002249 16114332905504432916 3987953600755007175 15865860335480740179 3697106094045285928 18016999892514755204 3630314967434791537 13671072322264721417 11656109148761513819 7990512965978623302 2410995300005212094 16334897792645592069 14289607646949263696 15725745468099716648 16380220703690898672 4353696696185134868 12983399546463915899 12704750336982700574 6616433849324445895 10904038152981425477 5891306111231596486 17535816041974379706 9497370710196053069 10877918975118355873 11607591755182899090 1845044149784646256 9966775621198473775 12740268512972735052 12431697822877617194 14597958698812904630 17434183854080427383 18116434399987510239 6481381613124934566 14941916508290411776 8605267563813211903 209991453188558368 1404264793619781385 16554698384570612096 16562347331738356459 568787387218853210 8963895878224640005 3358720004928044332 1165171912322782510 16897998133502113586 6081266908617459845 3223478043138920409 12249246396368414524 7987132125724641028 17454504518369771877 3649849472789746813 2184965353603407441 15421790727142765472 10846730894647110506 9584608672252359828 6576723938799996694 4775060822855163863 13873895353558289226 18293790580853922869 13654808613256360421 6379064474279746495 8907376673039070507 4188672804036786569 6727288211484033215 8091176606196202052 14017822934587635485 10702574484691242504 7114792126787099576 8991305990134614151 17847260966989604261 488819806890058239 7484537391238556327 11663038473863649000 16983465821598841373 5658622269069048564 10427896112375389451 7602273457149489199 18389300055134705749 12135235391906083901 12409406912940564374 18091141765364746070 15343988064348955137 8868249900695265864 16841348733062554888 2845659642309736405 16472373205703791706 15210289828306540047 941257064005957053 14054625847456402229 5633980357008057939 5097381089196167886 14043429782682011855 13701243633684388331 4182074460055205534 16846514745873596186 8891484854168052772 11082646452423499399 9260643866557031303 15864801903026441412 2529404785072463269 13211111508343557049 12706699794410052637 9946925705468296360 4575344391472599390 673029253777599167 15259812729529242176 17634856296151203806 2382855815703355852 12700125413089098881 3500858007468618530 6144267686424553001 9307541439997652384 13338547756577170340 15259055168463472634 8147118536306059584 17695063810866670471 16375622130112334121 14629953591722871418 1304481316286672022 2935277605370738556 7245009999696875585 2934369602231846413 15624436157136592564 11364179220213664900 12556628469962631271 11355791012045941418 4936466578939484925 10365335925567509538 531637642765974321 14314821398968370281 11029357293291767589 8104090199855087829 6178254589429857975 11922893424740201110 3314583747841667241 5409032265809033490 17643569999580448853 5325167343516257752 8512307274271630635 10921631341966312530 5251256631750829866 8788418907211607045 13527870385433315872 196221868394757025 14441589318388898670 16893930819339480848 3830193226511609893 5801743443776737124 13708860869749586542 1202622413702495603 3978992190706819628 10571319614984000537 9628692689781664807 2494317643484524842 10529539130091406844 1019346306976447736 13092783191224190793 16918439866744101191 411970885545694013 6234833739494547268 7810503020421027830 14271088788520826670 5642947142575750378 12225405003285282711 8487573934570710706 6767235586515172522 9338761656171113134 8824068388010564815 15251222938933586465 14805895760101359618 13935259473312806628 1383352020150522779 928833682981685687 5589627093932317021 2468695134555791439 16286958901823076717 10626937748137026139 3406431460629336751 14444263487061282478 15896030405888422854 10466025827401718748 16337535895002357290 7179883137834598354 9984865803884241992 16402624456389683368 17159588804753035241 11308026420641793053 14151126149801156706 16863034629256364379 9737100487320560033 7892943021796044398 15708747778034368237 10693760635414282271 10360734598417389316 14107600424921610372 17455063470504336216 10684031471095088302 93337923474026495 1719035999915646539 14360213004708769593 15087194257240701434 12611044867555631632 8289570996883385104 9358117601288578894 4030426484416435475 15919586449854135604 17241932442360295997 13846393099700933691 4483994026473603721 17850828661379216098 13532836833012502218 4990795496618934798 12295296756316720329 6424388488212554767 14857756682009873929 13403811309703784165 2938201890037498160 31373358515851565 7838995881487991504 17280661002500950513 15870265172501770979 15617197417469428767 16926206855424639681 18342316628797700667 16233929514702678762 8305237950828739207 17167961372742304332 11684689149591387848 15574063545701266945 1872050468287690254 15417052243298152266 15775412076527751576 18179116690798413915 6917786270281532632 2382198103096583710 15836869708476456564 17286635132981556082 15561114134506751093 18399778079595903722 8449633218827522558 4044107394079592066 15081491154779669352 997072184466496592 1698754667329828577 924453863667322495 5537878239422230668 14904892389342275909 3498599431414252943 4037719575180378421 348793349395472478 17573861303365324655 2197257362984750477 1599985907820733676 14653474671831494327 7608039967695685118 6673198894838931461 17616181180304032633 11508870357111108787 1028057100823863745 10167577070319282043 4200923512902471393 17409587339243257778 3475870385202001557 16997834701925168219 12247078357604362006 3868914698468311763 1483639081943141164 10617443753269958473 17567426267829947557 4452825092939179622 204




***********************************************************
HOST = mintos, Linux

stdcpp_mt19937_64


sknuth_MaxOft test:
-----------------------------------------------
   N =  1,  n = 2000000,  r =  0,   d = 100000,   t =  6

      Number of categories = 100000
      Expected number per category  = 20.00


-----------------------------------------------
Number of degrees of freedom          : 99999
Chi-square statistic                  :99461.70
p-value of test                       :    0.89


-----------------------------------------------
Anderson-Darling statistic            :   0.072
p-value of test                       :    0.93


-----------------------------------------------
CPU time used                    :  00:00:00.75

Generator state:
state: 11671474203885970424 10070761596745889770 13247389273208735047 12342484752664184513 14645664429909317321 15110222300626112646 4165120732195294016 11876603495980009360 10185636874508433196 10676112353039290431 2489623608113202843 3537384111946152629 3870312744970512230 1380742190967945748 12980362628999936305 6339911890100143707 6765094408252118950 3103204584270951741 14188696639688642588 6715147202695973664 636333521353871581 1300201634448337112 562613372887472230 17763322677522506858 18243169093633879319 14101428223949337127 18292443047794987883 13506298112038648224 18241514711375890272 12445569559769966487 2621912615061521642 5856555212268469694 8666759745828233775 3118627796322676717 1832468273436634562 5479732775601311516 3199598479632893269 17358433587409335505 15929479226163765956 11565286933821508621 3003721790466338140 7209405770957635260 2000252478493501399 2194556044471897332 405709179424717933 5683061700417059135 13843961086127041002 7100209071759704663 10070061173642904712 13702722320640115396 81728532265253511 15627099794738486263 2146368964934805679 14184794316165668896 3170014237955162550 9893548954356730068 2288154382745763401 12481597227883578761 7961160715369639167 4996466043171273468 8733427707041913302 4245356170645966979 18004620927968364786 14642534357526213547 11459172265675939224 6514847491448915287 13609924818449061013 14632280337809360350 14752067506161019285 769727660020971210 6345240191918694057 3295553817420940766 707864858942644094 8145018098745203737 16283307168483229755 11244897757862802779 8429996315593951127 9407810096212574538 14503707972412908893 2437879842744025309 18009915909278252346 15364343853911672863 14877949673408050424 8372741529328631329 3604238741746820539 10463902154781852999 3004547820799380061 11244337848617195996 7024911760653206033 9233806303904120347 1223194802403628771 8543705336496634165 14327270122562957755 12292284754516724461 5561487993314566348 12767374535294538584 10080411728653316216 4491244692173636345 13954654470449259955 16149091902528239267 8920946822004055117 3279832225260852806 1689454930603624662 13316937625828577138 3933421785820668033 16639058466262380633 15112892217547503202 7289481317219952134 9866468119335576214 9811438515171848994 10145848291067393197 10794669827741403119 17226521329471151918 8120096060030555010 9787459553818601645 17846386215426506763 3258906657865074470 6830555441077560399 1107416727648125385 2169967158689468773 14172757467489529245 15409593118705470263 4917813398102600764 5283749030329350618 1497372031152551710 7513436114883446334 1935758029646682537 9794998384618649686 10259606631870167430 6460637938720003078 13596810380203200049 10210864726919804884 2315968377641333102 12757080709803271180 13628581136112255720 6545915231313236334 13763625742757540597 16209130365415617060 2753428488562692137 11624832229540339192 1548378053101350795 9743667784220883244 15247698093402579319 2906192777719120070 5565979336360999604 10145207645836350915 13282178265969030663 1926209420051377719 769676008294217769 10661043710876162710 3663685629264686812 15821411572139159776 4722147134919735418 13256778039879686362 16243088441429948306 2587053485707899676 10871675759196023568 15521078970733444916 5987881181298935363 18259021175452038440 1417841715737641806 18046762889268392779 18178063267851821079 2590146288597201927 7927376282274688705 10864388023052286881 11379790107227749644 16018894382186998244 9811790267001876453 6202334304771852351 7470049265467357329 6178988339984562236 5644454839780941044 16066657547208832179 15518464068327676641 3669321638477600916 8463147281410839452 12575392339260204617 12824139674905448076 3051471192858045541 5468371362574091296 16049152705525797710 6740936260787273958 12588474872132551662 13279651881273091895 3393745020863992452 2135582404020595041 57959474656008842 11859092981167080117 2463316767784531184 6044689198131250640 5647769265688752323 9760442884819459247 4403950123599168166 16240213195214359828 17277531403496603723 16990625677772664743 5335139190631523454 17703506490228012765 7123594360197471722 13705022018546040442 17050317606787666138 5378808561852572378 7620738663427121017 7272736880401085714 12914599724505824843 3388325292607151656 8348963078795834735 9865194915111932303 14796062994798500910 2989318221164271359 5487439074119458531 14574545649537502710 12813059501204243276 15379159419851175136 4446507911463266527 5547283153972589723 1835655954762486520 2482570134387046917 6101411916971242770 12282254733931975715 13329695427161126156 933063754495040174 8485168414428494009 1002045425801323527 14173102759663410026 17952962100569874850 2430590468264723783 1226210201872529253 11309313481230242500 11557243492824845510 9814402696524848611 10901992190090118544 9188576674511115709 4473615254451617423 11301748752476270570 15335478076193902824 478276013474003299 4463122445060559362 15814278056958506042 11121635274432409863 1569330845897628363 4397973729488105283 7233118232104684272 1231291557997168904 13692892510055789990 3789568021691803751 4232411422945416280 7239855764983333567 15288752659213377437 10318142954208091107 2297136360139420023 3259001679591240414 14744971527133124167 2850159580374088264 18305965384651491884 5462447488104936681 13024060218508381177 7473363838047264552 9529301972434454127 10714404456208603375 8296333093154858638 6048618259596315326 15006454592386459439 10648536104606050239 8604872642077480282 16659498346215754690 16219847634402884215 2566831701361205264 6335862032792290815 2775375853125640279 13949924029857681441 12926375117865929016 12470247071950357659 4571181455104675823 7234159432174823649 1291678311809112288 6214948793763677131 1422374057227092739 11617325737803628535 5509393473429345806 7918176663971541458 10303103255237558867 17389822494477376198 3819723712559702297 11808355317529936355 727566139692724735 13175859311590820884 614744461098200570 13672578400364927394 8737305801036739129 13628706839008693306 18147934389822164254 285326878768646175 3315631505369477710 666675300074071765 1362257784073032190 15325261095950367752 5753472356694847931 12407290269207374471 14480704424279009079 6645644411855691519 4912403124823185194 16874322687193974761 1426973011120762513 3560890961006763247 11407033567825019290 10117820391662724218 13004181052583166566 13545706882273515695 8709899466834666204 1486404798070596320 60




***********************************************************
HOST = mintos, Linux

stdcpp_mt19937_64


svaria_WeightDistrib test:
-----------------------------------------------
   N =  1,  n = 200000,  r = 27,  k = 256,  Alpha =      0,  Beta =  0.125


-----------------------------------------------
Number of degrees of freedom          :   41
Chi-square statistic                  :   78.17
p-value of test                       :  4.2e-4    *****

-----------------------------------------------
CPU time used                    :  00:00:01.11

Generator state:
state: 17643154550181339079 15808332400577194147 11871895094746932670 9556770962475223014 10555417874256115562 168691857658612160 131320586954728777 10416666778827150643 14687081143054189914 6678348692017169889 1505328259505847065 3280017336041118989 11866808359679394149 7106732233573828361 3566525328149569756 18025531239275969879 17234770814346034283 10978899354333366865 2467106015028219771 1113666645503353066 600922786046346494 5505918188036254511 12441611794145896935 16586285982401159345 1052690760554418043 10448170108360980984 12996550733234568225 10154697825741184454 11084939997966762696 5381006265072981477 14542063847166060539 3918853386417191039 16441846782878605473 18177547091206844159 859051025581177059 6283299752712680445 11316922939731400911 696674914891651552 6533497205709776347 11753767380042185876 10866467089909371282 5606622092484230712 17498271126873940822 9941858714941179236 2774213213432203964 3849862641618975128 17323146354640206064 8507350754775913044 9058906717531565508 13328068277761458110 3681812181557043716 16524912066616613975 1954508135125135953 16158582304002177648 5738577512904091431 8651617014728242574 12511171434978631007 11348939793459340679 7125540250859035674 8622549620416495274 2816511614421544360 16792736561108247139 6236458562411696316 16449779743466910861 14985877935912758887 7850065019599490684 13839132800524313328 647110226955375208 15954744616100253124 9610452146574065253 16020309831880574949 2511358670214137379 15070599496476222305 9262497789537636237 15770384322965116479 9478786163266019540 12130205928713245817 3076144628038918307 18383426481866891360 12279744230683493099 10181523351698448170 14368882911075454885 2472075080337081014 14587794597879429239 15757705535629018154 297552991455890746 120089699851883490 16072418770535701512 3855293873359303955 9925186452165795413 9561195566666866934 4192295695246072373 8654490588585752110 15142132985983506029 15531010152861541768 1362785637460658472 15064638436162611802 1127923579054502128 2987931303917300293 16389530651037417154 5920098556944652767 724112772688771125 9903754112357687050 1428044484647390367 4583551656268097194 3837803264726562632 15334321563881143902 16147908593526443676 14353408113645702313 8013364814480957364 12664693316618862877 1128171084676580087 16466336018052899434 10712037535705036398 15954867129257824886 5720727553525943658 16688935863153851534 10717780647017554054 12444796816092378533 18148212399889281557 13709142852872665930 6676777910108620632 15315278206622703883 3292260534088834562 16374542266821337977 4096337097016884315 4491549785085643794 7578615221923792306 12907956295773422540 5846782831741815141 5858371295965270281 13137846649471327549 15222444829538819319 15832685035658749307 1076519298862749802 9285048607022478626 6839177247510291196 15581837003799882846 7138419687713956182 1973468205142559671 7723938744523181387 7282837106523250546 15084547791470731042 7490481865388368647 12727187463767421081 8692598544983985213 70658600360984371 5351740674339847614 8709821545254972183 12214209839447327740 16495622919285684721 10583920182202624098 13413423884701013646 11269490689338807046 17845345045969608367 4285295996772171759 17918104629060210314 6212028276301722590 15124647331911674714 12328271204807635220 3303811111244069461 6469147770848423579 14850129822223666545 3826678938246880489 10503479460442203994 9681828649204579933 6136360673240816626 6382209433549262821 16401276945775505084 5119584529687967140 2457657358282538537 2892482557780141108 17702691361363850782 10892446059509495921 2464858486190750671 7613572131913569802 11139434492449960376 5256647176321386155 3486849004149403646 4094002082537494904 600518326847864691 642123707010848836 10097731136820346260 7727675667563432784 6390573120161456151 17442178662433084404 11745814996345405177 9239469348869086518 11276146599501084976 9967034519589932891 2559982206093153941 15662419103323270101 11332677860753786434 9892610526772691763 1030024359645358422 11117548162565820368 9822575752282785151 10278951958902240440 5651070627561706937 15326797903254671033 10995516788448209676 9737432343036989992 4181860911582507066 5993785258378206006 12375586439844586829 13359952061538349761 4883097129026580474 10783947961717466773 5161775905098403360 9158816580985631853 15557909836167543224 13646037785422929725 17025617392194814346 6474771304081874425 2169183205634527326 12630748477513633943 8416664249669180799 7900693931105378039 5712521107684615839 8453311315169656708 11928555846133104826 7789038020169313915 6405185454262256009 9836060078623547880 12085499503225028091 16910023217215606377 14997894810280186064 8847480388495792744 9691291915210331509 2697164273058873222 18029940923263540313 11385513975733676997 952890740049601933 4281265680643596393 8695175229681819715 4056887205637432451 7224607610971685986 10300122448823130938 577849672502690585 13642314152507649683 5485300783890596080 6374623667684325994 17789686643629250165 15530676691952273587 10982070724666848505 8730739781526008444 4527509204304394020 8588307954373450952 16841050177578015394 11690873769090740388 6433499623782113594 13900986555003287415 15375123589578164752 13308093003052670551 3880018738442500467 14187110345059113100 14130546433337870888 14730061530179776717 9068794924987137281 15788398792003463792 9443988809376265053 8846369765754897221 10059495060988656066 17993394569043134235 7375399151445077360 15875952169452598031 4607810473761554332 14135534850081464323 11314091594436068077 279751735267292471 7979817100631725353 1596068702979194378 12347998451882574618 2786089291644074893 380584562640642711 15514087033908570953 3900850568975420645 6776769243565051383 7561796781135100356 15056293880682956110 3675126927522259051 6383912624381264976 4787486059640852585 3340043829388427312 4282881109984231736 16971154712108859597 17272311322245349460 8049803673425200504 1949546782012525140 4469323366723770953 1371937019568665425 15076490237991587437 4929013550927473224 2162122562197145229 2141178676039165767 17425433543922113484 15830094564812702250 17582763459538046808 616341092997114428 12437050400494315925 18197890621435210637 9164847650206943663 7362129678609909573 3343319837172049826 5543617859338016313 6824514411831948165 16107910162064902364 3876401363944672482 14127629848430738369 14717269179210087747 16426253805026564774 10634486820157794789 236




***********************************************************
HOST = mintos, Linux

stdcpp_mt19937_64


smarsa_MatrixRank test:
-----------------------------------------------
   N =  1,  n = 20000,  r = 20,    s = 10,    L = 60,    k = 60


-----------------------------------------------
Number of degrees of freedom          :    3
Chi-square statistic                  :    2.82
p-value of test                       :    0.42

-----------------------------------------------
CPU time used                    :  00:00:00.43

Generator state:
state: 719463739910328280 15971376300101985633 5513065042029422089 4217001913708808033 5992502053140440391 534764767173984956 2335989498675517249 16774090058867917200 2907281675349032436 4952376807747441868 13238756100370329346 3016468517870169163 6653548225802407113 17821474785781757520 12627404034762295468 13432995030814485057 6519184146696557215 1258038528120337521 3301804490440001034 18260091077442778978 16598667464342527255 10762660693597794795 1111440819035745161 1309781279646571800 9632399690592235699 15549385382844123332 17839831938632928010 8581671119426711544 7318382857057399298 16198190185397399229 9320766476584106160 16618462455356787413 9287058142004773164 10133791979094573065 398400027657690541 3740666655472392524 2352272303222516227 5487984021458232533 17260262226544410246 4995456370564031803 9895611112533689206 3865141254427859440 3976694207840934279 1337045617738382979 11575973976187448716 5562506365209638494 14261626005853502249 18378478162231713009 8545559988036229916 16031389023547955132 13444888467949102720 16857523437214145628 8031046492871876971 12229714748356999068 8824845610702183288 635538951942426112 7709020491834768491 1605006840906264969 429961014784511373 12681527446254663675 5019507266371700621 11520788850226718270 14704802880240517178 18237289686685561550 3595349725878115738 6273538997909201316 4316522118702887866 16595919434532820244 6903365411691894223 9753976483680663280 14290846518932213697 12204165338307621819 7407662937758773259 16254340634812579887 11334760138304684907 14871757422270019260 13991581416015705874 154958040721867919 18443612840485601683 7084532679591294132 9229416192621992011 8857034387282948244 9515810671933750337 15646397853148100324 9134543540594610930 13265782343824423564 13895495977760255306 5551172616663515771 9689824663003098389 12816952441015153360 11741349629951629803 5009967918510289194 9521783618524151366 11555210897546590700 15689245305933257303 17379066591024144504 5094619467707726983 11225845403799332463 16426304250916631480 9253713093463419531 8099107181194014873 17630450744196388597 12826047467532167284 3808161452747044890 10495577867690027869 13150196380928806056 3491209404778129407 17623027920803801795 5251197308482627049 5309432945056980565 11508253087917085736 10791391597672259890 7043625114962348109 17257175079267533444 11874522429633717144 16564650908894147234 18124584071578367786 12071028773532790805 651741078584154338 2378065768987215947 15703693558753483599 14974098814040084094 9464410200733917640 7053099447354664643 47413318266218169 7945295505400846350 12372215388830668371 6967262652794287135 8077847733109499954 13192355768211998965 13900246144575705743 17665551523619416108 6316769312371638137 11673297921630583927 7448292989177036296 10445254708558224864 17531748144441678536 13028234809574480827 4465741425339868097 8962679519871369474 13135537821655579812 1704765424262931948 17017223584665500790 2480036137531676575 16529204778923962021 1559073900086494819 598963590791782657 6354065695669537369 8449274563004380928 16067341159729131785 8336460517740091905 13724577955474115340 18154690690030692026 11867438554219712234 8993617566893038828 12367517416680197944 5753741558010102847 9709151594014264026 13112250722523699080 9871438960763590898 15946433346193174848 10157853343431305811 15741112836630315718 12261050682504669637 14634859922293319441 3088565147183155965 5452544658595458036 16084247206591989470 6231461200332442785 2130344008196109753 10173530191765958451 15856999617600594388 12675198807090566207 12365168993045948576 5475978000745037416 6859711772091391802 14811306886862711602 14313305917323257028 8524078298505285452 16050669197740494608 14683963846666962465 10851864485723801466 4579896817047434454 13781529333491609499 8421433997159278250 12769591958029080293 17954662778238840071 15561850037159574297 15097812842901187347 14116928046233397145 13874538085747567696 13239187815565892522 3337458659556125108 4471725427384383964 11007941175627126133 3880808536494539894 1355180404759272821 7677878043657219065 16173895991570258541 5404641318626238379 7575848466293168442 17688595426881431925 13394003090422880805 639135127638505851 3833255275512875944 12447170201142408585 5260352588451409582 6193917535196758392 5675964738784310542 5297106339478254217 539936762920185912 8355010472092762687 5555648164880731901 838184403348170173 2288746265703970376 10233354668097357517 8962302725832689495 7082476071539680103 4995179551682648140 10607482850885145392 7521578497684119900 11518250928845554494 15441989036832106245 4634803980048842171 16172897239769668778 7052327057921516110 11905137623425723238 11813211169007784223 17117068296095344082 15662302487569915322 17679428630346282033 3505168993905930424 2248426318436698151 4127921605346915126 15227842286861956004 15875580540956564593 1805737190223301013 1916915086383800699 13449391227670539955 16682941373839378876 7252947435454385620 16124360463506594363 9239731394770279065 6661089832607416895 11115737000459333931 15798299451672566604 3787747216451152464 6262147847005488764 8395500398833216242 6306145905938518036 10244708433087062121 8038834146057097121 6167911515727713726 16786652601685441453 10633151020335542119 15078740217305532359 1341937381508337397 7017570043621551275 12872037014993157384 4536508819512350168 12372608334065700501 16394035438311644133 5712007917466987596 1446614714598870559 3358109516665704918 7899942857320581268 4487702699882281699 13101045295563417083 59563509390104827 2745571165646624194 3162011777628912776 113938211904609543 9414620532525112193 12417484444594333714 10771633235411210708 2871394995836887157 1795464224023774401 15726583556336536338 10970753106343333750 16806413911711444876 1074919885055085281 9158950617552017796 15938443697934588515 17476680533724972064 9091348128514177159 11018585276969831342 2346124984650275728 2649470514043026662 15990903622106955227 7735897681125282445 3262713388125267160 12407936723520120553 14947567138365130698 16978366959867792195 95759280799261770 769942205508243258 17731295972755492461 7882197715597473450 4259210870100228150 9635865935073831991 2408701792933928344 11908492711745169833 837420069842271791 4060661322794131814 16219641416026068284 12534505351013197592 2912104358685593258 10056714686665862705 11432186649273422730 3090199281092322764 12108904215984362102 9981443961215944916 212




***********************************************************
HOST = mintos, Linux

stdcpp_mt19937_64


sstring_HammingIndep test:
-----------------------------------------------
   N =  1,  n = 500000,  r = 20,   s = 10,   L = 300,   d = 0



Counters with expected numbers >= 10
-----------------------------------------------
Number of degrees of freedom          : 2209
Chi-square statistic                  : 2210.55
p-value of test                       :    0.49

-----------------------------------------------
CPU time used                    :  00:00:00.98

Generator state:
state: 4625653762200270370 5453065710139014095 11748862567529451023 2890366620271065106 10226553769244224253 6859277136454278702 16449810184966028932 12837690685134185161 7610622417633705004 12200008590111799384 10499989332580889261 6415279945026026569 15686051111051524361 11661880235166105273 14453207379280198774 5295070699463115908 14550085559970582118 16005463565166675084 2256645127624722680 6389809480694297889 13428291599237446134 2731251303167513078 17067915115942239252 11316775028579816408 10568892649085416878 9333338168986524826 5873260395938228057 601650246188555394 2376455767033566351 5546574529594846296 3631922575825496783 15099573004977797491 14880296267563460061 5123036323535115879 16020326516849780142 2059803686818929278 8456362456729431788 11877801215940757228 17256812383974068244 852894530530571366 3378691443429788268 13663981621846491013 6345095130126236279 12086149459036970267 12356105618618532466 17487954875236855314 691205229956994027 16255712764486030737 63003687523270120 15784720891969401605 7459231824400631474 17246553704446134482 12277450598555344621 9472447133006764881 400233804478336446 3490423534927981108 4204566708223913626 887431897179071581 5508375695649378950 14174122579731113104 8262724000901303490 820122607354004279 4652408774554159184 16770202973064701545 17505647916849950526 14249080913655327817 3879693135282275513 7249419296872223813 15397001506858839912 7885690838494560407 1500722538334038505 8250922735466032053 7894110135873953311 3650840723018755562 2682061901896711195 8629565478040087660 16679227528965895792 8323433575956132937 15056747969379873662 5582369702029634811 16539902941458744694 6137058762853124090 2039900455051264203 15269997197100370143 18087362485308792847 7858075882807694484 1363910597958951830 4417738376554431232 2365207510935892348 10692729684762624265 14115107925356799624 10343387517633264078 8132240136784707671 1759940540738155820 17065958259277316337 15706694322479894641 5400037015309249202 15281145783287213808 992940016996211114 3893695552158625556 7622520142271320395 9547350189757562761 5940322945692634556 17779569476687042862 10937052342791458108 279355374261220615 15176436520601819495 6309323935377733161 4133490845809944080 7567273841106764236 7712574588388101426 15781573782834221553 13015886340371369175 3268793397203699631 11683456510588835372 3683080674364765279 750693016080480294 14057043235454821062 16641118284136843027 8796474845525930695 7905150174453485256 13217685594007316798 17656468099567710905 5395006794578249953 4807777117598047121 533490628179136013 6764714462175332380 13708275080530929578 6508571875547829385 1686261287086125116 17874277897318138268 10327240607890719644 345069277872063648 16838141358392955841 11188051720917858877 16984968316950868417 16549935967402163565 11401425056606561116 13812606447994652033 10851873412795492451 5424682387238274247 14200905893386816904 9081036541556033899 13530886896696688449 529949693587211576 14902162504454067607 3353253073574242430 15657883669996646361 12015367669312052037 14144034460424734655 11469060370532637263 10861812842907885800 4760420902267608227 16030728831014682942 5144519992516918909 9162983215956524554 6582166853900475665 11638199982624755699 13407000981089925869 8303260008409281055 18153793624588410587 18339267849523090925 5545857669857193651 11607210523529012034 3113081591506238245 4843635602476413653 5904229026595983277 15443036573484845324 1605968770386891236 11622246671630290725 12304534383030323134 9210495658754813589 1219608682819337121 15369438809310621389 3757760463888958588 11498885770203008459 6549946533537654176 16387790787274871622 295593014805672492 6121598411172333479 15903992825234842046 2363105049882144212 15730812490488914115 5217018640594676885 8152475911225502030 11616702372077048146 16977259897433957971 13746819768448130080 11631487235772761222 6812248174964165018 17723490560476310539 14836410966617499139 2384899263575843754 11395278988980428689 15050447157860408765 12644132773918157364 12364891794388968171 9595135743572638480 10496733843280525582 9561020000281710289 258523564346454695 15794454216292284814 2535006271614908690 5011970089137474270 1534856589202770244 13872939163740622869 2459445574765418942 5204240332556003080 8730551956745931038 15661357455955065161 15143184094862334497 1492256684012591200 12914620838161263906 13178706676716373234 7241904318901862605 8090486125139605195 5209058988139840904 15678431736460010820 12249636908265734579 6887595355812787920 9538790220373124227 9948685958785169625 7630785618121383373 493742017600559172 10301934656521620482 15023158953617369556 15322638975101255460 11512029341534534685 18360137720450431489 4996909103321946680 2602160033149258181 1624064656776846046 11785000424030531301 17159086704028556456 2553653727043806781 9561821364376914947 9880576143638174423 8428952641363272950 5061248891308804622 5525866151027868022 17507857626685659193 1648969367871034355 9330748255676597861 1153034274749007629 4807659911967506347 2037394695609116180 16443604690766403953 17071464133647057848 4982495146156446351 14369721074979860248 1538699539241517256 17421207994491280903 2004899002177398653 5397747390953265854 17698576502744060441 10130657367781013856 728040623577443373 17080029696684523495 9106398133773392046 14104976569066854996 3791921615811759323 14432601956274476642 17670309647370329330 16338268772828336787 13587668572666608515 10627629439899162913 7918599100472963102 14048312893184713507 9884410240402028081 13979841945564425209 8059714969806672504 6134280654465870716 11768915090381607182 6479018841283457643 1730695412762791036 11732318037099014675 2649846976700128391 9240307878043582420 16847583776934422515 10215842104937919759 10060020071347630505 603056534091981481 3671033011517331504 9230435358290706081 17274687266021886070 6669424054059458976 1721969802197495762 16275823256363325651 10527534020936187396 11733301160267406326 13047802683709278921 566907316261873751 130646511006975473 16555947334908104947 464826062663404104 2536686019453196120 12026957429639180163 18446115254703743577 14921979462497218595 3604577101079543037 2039048639029766307 10021994692731114078 2444706991088548083 10463841224000743548 1182920404255929436 13623481215646872963 9495272062127163237 18130834761849328498 7405980802990794729 800111058986173938 11630419395044409079 2086823926889366811 164




***********************************************************
HOST = mintos, Linux

stdcpp_mt19937_64


swalk_RandomWalk1 test:
-----------------------------------------------
   N =  1,  n = 1000000,  r =  0,   s = 30,   L0 =  150,   L1 =  150



-----------------------------------------------
Test on the values of the Statistic H

Number of degrees of freedom          :   52
ChiSquare statistic                   :   46.92
p-value of test                       :    0.67


-----------------------------------------------
Test on the values of the Statistic M

Number of degrees of freedom          :   52
ChiSquare statistic                   :   60.43
p-value of test                       :    0.20


-----------------------------------------------
Test on the values of the Statistic J

Number of degrees of freedom          :   75
ChiSquare statistic                   :  106.18
p-value of test                       :    0.01


-----------------------------------------------
Test on the values of the Statistic R

Number of degrees of freedom          :   44
ChiSquare statistic                   :   39.92
p-value of test                       :    0.65


-----------------------------------------------
Test on the values of the Statistic C

Number of degrees of freedom          :   26
ChiSquare statistic                   :   23.18
p-value of test                       :    0.62


-----------------------------------------------
CPU time used                    :  00:00:00.91

Generator state:
state: 3902198331306981175 163644137583309817 11222760878631315172 2290536329617071122 4509304320091105583 9138276710013836490 8521511651636964260 8919895499885715515 12160268992603639519 8712411115262909776 4556706582406768892 12424115184020861296 14819349560387353059 3580410430747187600 895956831316008482 489584294577174530 11841834636851659761 10612882136690954316 10658965156326714678 2057669365014095628 14163756901464935660 13653650131996488690 10352912903917060011 6109062551579561177 12810280523167943554 6854182501153029475 3494937447379956843 8897861364731399421 5648989010379823385 4568894930350905899 15090747250985728366 12112460293014523978 14312939878988327858 6822363457639445386 6023065447122288078 12505676025868410885 10975696711790544220 14798802873488659831 1269248789618537089 12134847814839203015 56343075383223981 13144076462804494030 6689418375708999126 15859973226873019175 16973316375530692544 903895276897573874 4333421379979367616 8385407396344059246 3860735961142325474 14630991194924175547 5505207808369207009 13154726758137384318 17148260702279515603 13356738606863999462 8389341797920059656 2779572819244670100 7967829357448813751 9264855658513965293 5386591245978546830 14455387987630353921 6237891217672800013 11433400276903377104 9465135129222400112 9223341966599190925 12741666139052256290 6471261957817712270 13235803227996866259 3665242875908141568 12179240909836517749 7697487039015008455 5892157299848124426 614175649354445309 6543543504696351225 3958135070621256775 16845412867415940602 7306651837691578937 5123407599381378359 14079443013872080697 11184831964938990911 6851946526181093588 8016560538444092101 5783120644234807409 17494087464818955557 2137485392815353977 937873362212600510 14932078640964166662 8825891973397084577 18140240385425728165 14325615524963046946 10328080686712332483 5867400606719657822 9114908574527153083 7772264497096028036 12103894221450252044 11328956160697420250 7484969345670823247 10504056284618575519 820993515608248791 10080885791965289188 2167796246703375296 15063167644579946455 18411715437204894298 10455334896298431067 8753530516914688587 16669647984149125510 9183485543846324533 11443680120281329475 6367911142483306946 15102189196925138477 3849806257934239468 5304366592695131252 9411499116391046804 15858692648636292778 709853567287731886 6283759254743237576 4023742986770046883 9287246665250681997 11052067544493867962 15748472272661011776 4063369083279683306 206406396938396190 17802146816696773467 4507571208966777942 17677746846296529357 16561617094717263328 16330968563026838368 5379885241696093827 1163298351898638432 6413263530932847055 4128253048265190900 12418354011529963178 1133363469425192363 11088070473186953297 3287759096730730055 15166470221298743823 1839069418059278768 2718066006086204185 8227383827642859427 15108594279310218179 11868894750044925291 13729948343339522983 7447167418109979650 178792858579448436 9812005954966837328 6519498494304270515 16596832542339734283 1497733065473648752 11970874008970245886 7505509072550277633 7204575166055469988 6724297235274396390 18236882622893747117 10599194498999069018 4293798913433306482 8744828406289162043 228812871649324311 958478696453401553 7126945241578823850 13214191470553095606 13616245487679903103 11456427601079219129 12977216172800209558 2916173811832615215 1193653461337027537 16451830445516630188 15760374701979415718 9117737282081907979 16025867837969429243 1347189911667885910 7203022708190278809 12213811485727293637 8402461846947685481 18043654276947620511 11049549867151241560 4494497659685319910 8472664332498204605 14335454615429587727 7928321313216430162 7440153671769244603 2561040855441940553 4438999978307377943 13989667049858503750 14037485968421224844 1960097764354164849 16918926920756609041 8925742780151110996 13065647293145058287 7671503777551165029 3317083139218418688 16913279440467666711 7682170530070655029 5261148521233058733 347529410096571771 9966591627750151800 1926370800662759002 15136742626732679482 17011178034329411742 13207636347859334951 11301785706541439549 1230841397888653330 18184635325398005946 4890000748424939957 16309071418243061638 1295465005906669425 12068921670747941223 1755031993808294813 15906665748505641938 424802613819738643 4180355511143133284 14250099636413213624 17338191564088729671 7750069625011117358 17036060831900091393 7023504224815027457 3712394481661362579 2380262160065765161 15502080981021950750 15114010636788013030 3696675746649560105 6022988860693170773 13140353310754784088 11663665278484045426 10551431465659860300 899152387297962426 2145180319478029413 13922049289407410100 8482443325498905694 5725882693271281911 6444525141436600238 15481508969030884979 10575895284132592898 4976184282389690386 17049351146378995074 15190657874933519786 12323131448272455564 13825909519121763369 16808158016014307945 15504890700723599263 9585601744070709321 14175159005416359124 1992436695509766253 12919007003821479925 50242940677159967 2798085667660020486 1160792888699816751 1295862480012073611 5712912148320524427 9781873490901485917 876454603529017806 13793127675091998154 16550568044249070293 7688394602574583176 4897521227504513724 13748859135295704202 9204408364965821756 6739054349749533143 1910319263144713324 9781379875168350273 13022735864319991269 18391234313958866707 2781405796235210206 13771643180368179930 1440113364945365801 14893898886399921163 8113591237495672861 7354483766544459566 14410912872773627800 9201887186212180925 7145391206556680258 12839654426561137892 9645639505034823332 8647223249074566645 129223153782845791 13597278653212507251 1343325518130679216 17461858415360751001 4525108974671130685 12978244163965935412 17964565315327440805 3493716417618305951 4538228811148549228 2950525294293096311 995186956816340355 15132460849984843367 17104762950055852181 2771670843579204664 13338082323721770509 4910711455327331752 3659474451072375865 15827652250768252971 13535027109137647409 5208140317852818598 3613052207654088236 8656798882413598366 1263297521818061764 15584163816324627814 505527944674431840 3979960105905968452 7375231681221669362 17918020306873766496 9327669117541841503 1424633558888584104 14261758461707063453 3698861199972375613 535925242752012304 12436616865344216959 8109329044209610786 11056720529161048393 1256940157104530294 15447144556096801642 5920246554290389062 12385102173753683813 52





========= Summary results of SmallCrush =========

 Version:          TestU01 1.2.3
 Generator:        stdcpp_mt19937_64
 Number of statistics:  15
 Total CPU time:   00:00:09.07
 The following tests gave p-values outside [0.001, 0.9990]:
 (eps  means a value < 1.0e-300):
 (eps1 means a value < 1.0e-15):

       Test                          p-value
 ----------------------------------------------
  7  WeightDistrib                   4.2e-4
 ----------------------------------------------
 All other tests were passed



